2022/4/11 0:00:00 .dat file Monthly Record Subbasin  7in ARCGIS-swat2009  interface




 MONTH YEAR          FLOCNST          SEDCNST         ORGNCNST         ORGPCNST          NO3CNST          NH3CNST          NO2CNST         MINPCNST         CBODCNST        DISOXCNST         CHLACNST       SOLPSTCNST       SRBPSTCNST        BACTPCNST       BACTLPCNST        CMTL1CNST        CMTL2CNST        CMTL3CNST
     1 1994 5.9258064516E+05 0.0000000000E+00 2.9629030000E+01 0.0000000000E+00 1.7777419000E+02 8.8887100000E+01 0.0000000000E+00 0.0000000000E+00 0.0000000000E+00 0.0000000000E+00 0.0000000000E+00 0.0000000000E+00 0.0000000000E+00 0.0000000000E+00 0.0000000000E+00 0.0000000000E+00 0.0000000000E+00 0.0000000000E+00
     2 1994 3.3678571429E+05 0.0000000000E+00 1.6258620000E+01 0.0000000000E+00 9.7551720000E+01 4.8775860000E+01 0.0000000000E+00 0.0000000000E+00 0.0000000000E+00 0.0000000000E+00 0.0000000000E+00 0.0000000000E+00 0.0000000000E+00 0.0000000000E+00 0.0000000000E+00 0.0000000000E+00 0.0000000000E+00 0.0000000000E+00
     3 1994 9.0419354839E+05 0.0000000000E+00 4.5209680000E+01 0.0000000000E+00 2.7125806000E+02 1.3562903000E+02 0.0000000000E+00 0.0000000000E+00 0.0000000000E+00 0.0000000000E+00 0.0000000000E+00 0.0000000000E+00 0.0000000000E+00 0.0000000000E+00 0.0000000000E+00 0.0000000000E+00 0.0000000000E+00 0.0000000000E+00
     4 1994 9.1633333333E+05 0.0000000000E+00 4.5816670000E+01 0.0000000000E+00 2.7490000000E+02 1.3745000000E+02 0.0000000000E+00 0.0000000000E+00 0.0000000000E+00 0.0000000000E+00 0.0000000000E+00 0.0000000000E+00 0.0000000000E+00 0.0000000000E+00 0.0000000000E+00 0.0000000000E+00 0.0000000000E+00 0.0000000000E+00
     5 1994 2.0241935484E+06 0.0000000000E+00 1.0120968000E+02 0.0000000000E+00 6.0725806000E+02 3.0362903000E+02 0.0000000000E+00 0.0000000000E+00 0.0000000000E+00 0.0000000000E+00 0.0000000000E+00 0.0000000000E+00 0.0000000000E+00 0.0000000000E+00 0.0000000000E+00 0.0000000000E+00 0.0000000000E+00 0.0000000000E+00
     6 1994 1.6996666667E+06 0.0000000000E+00 8.4983330000E+01 0.0000000000E+00 5.0990000000E+02 2.5495000000E+02 0.0000000000E+00 0.0000000000E+00 0.0000000000E+00 0.0000000000E+00 0.0000000000E+00 0.0000000000E+00 0.0000000000E+00 0.0000000000E+00 0.0000000000E+00 0.0000000000E+00 0.0000000000E+00 0.0000000000E+00
     7 1994 1.6780645161E+06 0.0000000000E+00 8.3903230000E+01 0.0000000000E+00 5.0341935000E+02 2.5170968000E+02 0.0000000000E+00 0.0000000000E+00 0.0000000000E+00 0.0000000000E+00 0.0000000000E+00 0.0000000000E+00 0.0000000000E+00 0.0000000000E+00 0.0000000000E+00 0.0000000000E+00 0.0000000000E+00 0.0000000000E+00
     8 1994 1.9151612903E+06 0.0000000000E+00 9.5758060000E+01 0.0000000000E+00 5.7454839000E+02 2.8727419000E+02 0.0000000000E+00 0.0000000000E+00 0.0000000000E+00 0.0000000000E+00 0.0000000000E+00 0.0000000000E+00 0.0000000000E+00 0.0000000000E+00 0.0000000000E+00 0.0000000000E+00 0.0000000000E+00 0.0000000000E+00
     9 1994 1.3410000000E+06 0.0000000000E+00 6.7050000000E+01 0.0000000000E+00 4.0230000000E+02 2.0115000000E+02 0.0000000000E+00 0.0000000000E+00 0.0000000000E+00 0.0000000000E+00 0.0000000000E+00 0.0000000000E+00 0.0000000000E+00 0.0000000000E+00 0.0000000000E+00 0.0000000000E+00 0.0000000000E+00 0.0000000000E+00
    10 1994 6.0774193548E+05 0.0000000000E+00 3.0387100000E+01 0.0000000000E+00 1.8232258000E+02 9.1161290000E+01 0.0000000000E+00 0.0000000000E+00 0.0000000000E+00 0.0000000000E+00 0.0000000000E+00 0.0000000000E+00 0.0000000000E+00 0.0000000000E+00 0.0000000000E+00 0.0000000000E+00 0.0000000000E+00 0.0000000000E+00
    11 1994 5.4533333333E+05 0.0000000000E+00 2.7266670000E+01 0.0000000000E+00 1.6360000000E+02 8.1800000000E+01 0.0000000000E+00 0.0000000000E+00 0.0000000000E+00 0.0000000000E+00 0.0000000000E+00 0.0000000000E+00 0.0000000000E+00 0.0000000000E+00 0.0000000000E+00 0.0000000000E+00 0.0000000000E+00 0.0000000000E+00
    12 1994 4.7451612903E+05 0.0000000000E+00 2.3725810000E+01 0.0000000000E+00 1.4235484000E+02 7.1177420000E+01 0.0000000000E+00 0.0000000000E+00 0.0000000000E+00 0.0000000000E+00 0.0000000000E+00 0.0000000000E+00 0.0000000000E+00 0.0000000000E+00 0.0000000000E+00 0.0000000000E+00 0.0000000000E+00 0.0000000000E+00
     1 1995 7.3548387097E+05 0.0000000000E+00 3.6774190000E+01 0.0000000000E+00 2.2064516000E+02 1.1032258000E+02 0.0000000000E+00 0.0000000000E+00 0.0000000000E+00 0.0000000000E+00 0.0000000000E+00 0.0000000000E+00 0.0000000000E+00 0.0000000000E+00 0.0000000000E+00 0.0000000000E+00 0.0000000000E+00 0.0000000000E+00
     2 1995 5.0214285714E+05 0.0000000000E+00 2.5107140000E+01 0.0000000000E+00 1.5064286000E+02 7.5321430000E+01 0.0000000000E+00 0.0000000000E+00 0.0000000000E+00 0.0000000000E+00 0.0000000000E+00 0.0000000000E+00 0.0000000000E+00 0.0000000000E+00 0.0000000000E+00 0.0000000000E+00 0.0000000000E+00 0.0000000000E+00
     3 1995 1.0335483871E+06 0.0000000000E+00 5.1677420000E+01 0.0000000000E+00 3.1006452000E+02 1.5503226000E+02 0.0000000000E+00 0.0000000000E+00 0.0000000000E+00 0.0000000000E+00 0.0000000000E+00 0.0000000000E+00 0.0000000000E+00 0.0000000000E+00 0.0000000000E+00 0.0000000000E+00 0.0000000000E+00 0.0000000000E+00
     4 1995 8.7666666667E+05 0.0000000000E+00 4.3833330000E+01 0.0000000000E+00 2.6300000000E+02 1.3150000000E+02 0.0000000000E+00 0.0000000000E+00 0.0000000000E+00 0.0000000000E+00 0.0000000000E+00 0.0000000000E+00 0.0000000000E+00 0.0000000000E+00 0.0000000000E+00 0.0000000000E+00 0.0000000000E+00 0.0000000000E+00
     5 1995 8.5354838710E+05 0.0000000000E+00 4.2677420000E+01 0.0000000000E+00 2.5606452000E+02 1.2803226000E+02 0.0000000000E+00 0.0000000000E+00 0.0000000000E+00 0.0000000000E+00 0.0000000000E+00 0.0000000000E+00 0.0000000000E+00 0.0000000000E+00 0.0000000000E+00 0.0000000000E+00 0.0000000000E+00 0.0000000000E+00
     6 1995 1.2676666667E+06 0.0000000000E+00 6.3383330000E+01 0.0000000000E+00 3.8030000000E+02 1.9015000000E+02 0.0000000000E+00 0.0000000000E+00 0.0000000000E+00 0.0000000000E+00 0.0000000000E+00 0.0000000000E+00 0.0000000000E+00 0.0000000000E+00 0.0000000000E+00 0.0000000000E+00 0.0000000000E+00 0.0000000000E+00
     7 1995 1.4612903226E+06 0.0000000000E+00 7.3064520000E+01 0.0000000000E+00 4.3838710000E+02 2.1919355000E+02 0.0000000000E+00 0.0000000000E+00 0.0000000000E+00 0.0000000000E+00 0.0000000000E+00 0.0000000000E+00 0.0000000000E+00 0.0000000000E+00 0.0000000000E+00 0.0000000000E+00 0.0000000000E+00 0.0000000000E+00
     8 1995 1.7241935484E+06 0.0000000000E+00 8.6209680000E+01 0.0000000000E+00 5.1725806000E+02 2.5862903000E+02 0.0000000000E+00 0.0000000000E+00 0.0000000000E+00 0.0000000000E+00 0.0000000000E+00 0.0000000000E+00 0.0000000000E+00 0.0000000000E+00 0.0000000000E+00 0.0000000000E+00 0.0000000000E+00 0.0000000000E+00
     9 1995 1.2863333333E+06 0.0000000000E+00 6.4316670000E+01 0.0000000000E+00 3.8590000000E+02 1.9295000000E+02 0.0000000000E+00 0.0000000000E+00 0.0000000000E+00 0.0000000000E+00 0.0000000000E+00 0.0000000000E+00 0.0000000000E+00 0.0000000000E+00 0.0000000000E+00 0.0000000000E+00 0.0000000000E+00 0.0000000000E+00
    10 1995 7.9677419355E+05 0.0000000000E+00 3.9838710000E+01 0.0000000000E+00 2.3903226000E+02 1.1951613000E+02 0.0000000000E+00 0.0000000000E+00 0.0000000000E+00 0.0000000000E+00 0.0000000000E+00 0.0000000000E+00 0.0000000000E+00 0.0000000000E+00 0.0000000000E+00 0.0000000000E+00 0.0000000000E+00 0.0000000000E+00
    11 1995 4.4266666667E+05 0.0000000000E+00 2.2133330000E+01 0.0000000000E+00 1.3280000000E+02 6.6400000000E+01 0.0000000000E+00 0.0000000000E+00 0.0000000000E+00 0.0000000000E+00 0.0000000000E+00 0.0000000000E+00 0.0000000000E+00 0.0000000000E+00 0.0000000000E+00 0.0000000000E+00 0.0000000000E+00 0.0000000000E+00
    12 1995 4.3774193548E+05 0.0000000000E+00 2.1887100000E+01 0.0000000000E+00 1.3132258000E+02 6.5661290000E+01 0.0000000000E+00 0.0000000000E+00 0.0000000000E+00 0.0000000000E+00 0.0000000000E+00 0.0000000000E+00 0.0000000000E+00 0.0000000000E+00 0.0000000000E+00 0.0000000000E+00 0.0000000000E+00 0.0000000000E+00
     1 1996 1.5387096774E+05 0.0000000000E+00 7.6935500000E+00 0.0000000000E+00 4.6161290000E+01 2.3080650000E+01 0.0000000000E+00 0.0000000000E+00 0.0000000000E+00 0.0000000000E+00 0.0000000000E+00 0.0000000000E+00 0.0000000000E+00 0.0000000000E+00 0.0000000000E+00 0.0000000000E+00 0.0000000000E+00 0.0000000000E+00
     2 1996 1.2724137931E+05 0.0000000000E+00 6.5892900000E+00 0.0000000000E+00 3.9535710000E+01 1.9767860000E+01 0.0000000000E+00 0.0000000000E+00 0.0000000000E+00 0.0000000000E+00 0.0000000000E+00 0.0000000000E+00 0.0000000000E+00 0.0000000000E+00 0.0000000000E+00 0.0000000000E+00 0.0000000000E+00 0.0000000000E+00
     3 1996 4.5870967742E+05 0.0000000000E+00 2.2935480000E+01 0.0000000000E+00 1.3761290000E+02 6.8806450000E+01 0.0000000000E+00 0.0000000000E+00 0.0000000000E+00 0.0000000000E+00 0.0000000000E+00 0.0000000000E+00 0.0000000000E+00 0.0000000000E+00 0.0000000000E+00 0.0000000000E+00 0.0000000000E+00 0.0000000000E+00
     4 1996 1.2710000000E+06 0.0000000000E+00 6.3550000000E+01 0.0000000000E+00 3.8130000000E+02 1.9065000000E+02 0.0000000000E+00 0.0000000000E+00 0.0000000000E+00 0.0000000000E+00 0.0000000000E+00 0.0000000000E+00 0.0000000000E+00 0.0000000000E+00 0.0000000000E+00 0.0000000000E+00 0.0000000000E+00 0.0000000000E+00
     5 1996 1.5225806452E+06 0.0000000000E+00 7.6129030000E+01 0.0000000000E+00 4.5677419000E+02 2.2838710000E+02 0.0000000000E+00 0.0000000000E+00 0.0000000000E+00 0.0000000000E+00 0.0000000000E+00 0.0000000000E+00 0.0000000000E+00 0.0000000000E+00 0.0000000000E+00 0.0000000000E+00 0.0000000000E+00 0.0000000000E+00
     6 1996 1.2923333333E+06 0.0000000000E+00 6.4616670000E+01 0.0000000000E+00 3.8770000000E+02 1.9385000000E+02 0.0000000000E+00 0.0000000000E+00 0.0000000000E+00 0.0000000000E+00 0.0000000000E+00 0.0000000000E+00 0.0000000000E+00 0.0000000000E+00 0.0000000000E+00 0.0000000000E+00 0.0000000000E+00 0.0000000000E+00
     7 1996 8.4806451613E+05 0.0000000000E+00 4.2403230000E+01 0.0000000000E+00 2.5441935000E+02 1.2720968000E+02 0.0000000000E+00 0.0000000000E+00 0.0000000000E+00 0.0000000000E+00 0.0000000000E+00 0.0000000000E+00 0.0000000000E+00 0.0000000000E+00 0.0000000000E+00 0.0000000000E+00 0.0000000000E+00 0.0000000000E+00
     8 1996 1.7638709677E+06 0.0000000000E+00 8.8193550000E+01 0.0000000000E+00 5.2916129000E+02 2.6458065000E+02 0.0000000000E+00 0.0000000000E+00 0.0000000000E+00 0.0000000000E+00 0.0000000000E+00 0.0000000000E+00 0.0000000000E+00 0.0000000000E+00 0.0000000000E+00 0.0000000000E+00 0.0000000000E+00 0.0000000000E+00
     9 1996 1.4016666667E+06 0.0000000000E+00 7.0083330000E+01 0.0000000000E+00 4.2050000000E+02 2.1025000000E+02 0.0000000000E+00 0.0000000000E+00 0.0000000000E+00 0.0000000000E+00 0.0000000000E+00 0.0000000000E+00 0.0000000000E+00 0.0000000000E+00 0.0000000000E+00 0.0000000000E+00 0.0000000000E+00 0.0000000000E+00
    10 1996 7.7612903226E+05 0.0000000000E+00 3.8806450000E+01 0.0000000000E+00 2.3283871000E+02 1.1641935000E+02 0.0000000000E+00 0.0000000000E+00 0.0000000000E+00 0.0000000000E+00 0.0000000000E+00 0.0000000000E+00 0.0000000000E+00 0.0000000000E+00 0.0000000000E+00 0.0000000000E+00 0.0000000000E+00 0.0000000000E+00
    11 1996 5.7566666667E+05 0.0000000000E+00 2.8783330000E+01 0.0000000000E+00 1.7270000000E+02 8.6350000000E+01 0.0000000000E+00 0.0000000000E+00 0.0000000000E+00 0.0000000000E+00 0.0000000000E+00 0.0000000000E+00 0.0000000000E+00 0.0000000000E+00 0.0000000000E+00 0.0000000000E+00 0.0000000000E+00 0.0000000000E+00
    12 1996 5.2838709677E+05 0.0000000000E+00 2.6419350000E+01 0.0000000000E+00 1.5851613000E+02 7.9258060000E+01 0.0000000000E+00 0.0000000000E+00 0.0000000000E+00 0.0000000000E+00 0.0000000000E+00 0.0000000000E+00 0.0000000000E+00 0.0000000000E+00 0.0000000000E+00 0.0000000000E+00 0.0000000000E+00 0.0000000000E+00
     1 1997 2.8483870968E+05 0.0000000000E+00 1.4241940000E+01 0.0000000000E+00 8.5451610000E+01 4.2725810000E+01 0.0000000000E+00 0.0000000000E+00 0.0000000000E+00 0.0000000000E+00 0.0000000000E+00 0.0000000000E+00 0.0000000000E+00 0.0000000000E+00 0.0000000000E+00 0.0000000000E+00 0.0000000000E+00 0.0000000000E+00
     2 1997 5.1428571429E+05 0.0000000000E+00 2.5714290000E+01 0.0000000000E+00 1.5428571000E+02 7.7142860000E+01 0.0000000000E+00 0.0000000000E+00 0.0000000000E+00 0.0000000000E+00 0.0000000000E+00 0.0000000000E+00 0.0000000000E+00 0.0000000000E+00 0.0000000000E+00 0.0000000000E+00 0.0000000000E+00 0.0000000000E+00
     3 1997 1.0480645161E+06 0.0000000000E+00 5.2403230000E+01 0.0000000000E+00 3.1441935000E+02 1.5720968000E+02 0.0000000000E+00 0.0000000000E+00 0.0000000000E+00 0.0000000000E+00 0.0000000000E+00 0.0000000000E+00 0.0000000000E+00 0.0000000000E+00 0.0000000000E+00 0.0000000000E+00 0.0000000000E+00 0.0000000000E+00
     4 1997 5.4933333333E+05 0.0000000000E+00 2.7466670000E+01 0.0000000000E+00 1.6480000000E+02 8.2400000000E+01 0.0000000000E+00 0.0000000000E+00 0.0000000000E+00 0.0000000000E+00 0.0000000000E+00 0.0000000000E+00 0.0000000000E+00 0.0000000000E+00 0.0000000000E+00 0.0000000000E+00 0.0000000000E+00 0.0000000000E+00
     5 1997 1.6100000000E+06 0.0000000000E+00 8.0500000000E+01 0.0000000000E+00 4.8300000000E+02 2.4150000000E+02 0.0000000000E+00 0.0000000000E+00 0.0000000000E+00 0.0000000000E+00 0.0000000000E+00 0.0000000000E+00 0.0000000000E+00 0.0000000000E+00 0.0000000000E+00 0.0000000000E+00 0.0000000000E+00 0.0000000000E+00
     6 1997 1.6896666667E+06 0.0000000000E+00 8.4483330000E+01 0.0000000000E+00 5.0690000000E+02 2.5345000000E+02 0.0000000000E+00 0.0000000000E+00 0.0000000000E+00 0.0000000000E+00 0.0000000000E+00 0.0000000000E+00 0.0000000000E+00 0.0000000000E+00 0.0000000000E+00 0.0000000000E+00 0.0000000000E+00 0.0000000000E+00
     7 1997 1.0532258065E+06 0.0000000000E+00 5.2661290000E+01 0.0000000000E+00 3.1596774000E+02 1.5798387000E+02 0.0000000000E+00 0.0000000000E+00 0.0000000000E+00 0.0000000000E+00 0.0000000000E+00 0.0000000000E+00 0.0000000000E+00 0.0000000000E+00 0.0000000000E+00 0.0000000000E+00 0.0000000000E+00 0.0000000000E+00
     8 1997 1.0306451613E+06 0.0000000000E+00 5.1532260000E+01 0.0000000000E+00 3.0919355000E+02 1.5459677000E+02 0.0000000000E+00 0.0000000000E+00 0.0000000000E+00 0.0000000000E+00 0.0000000000E+00 0.0000000000E+00 0.0000000000E+00 0.0000000000E+00 0.0000000000E+00 0.0000000000E+00 0.0000000000E+00 0.0000000000E+00
     9 1997 9.9900000000E+05 0.0000000000E+00 4.9950000000E+01 0.0000000000E+00 2.9970000000E+02 1.4985000000E+02 0.0000000000E+00 0.0000000000E+00 0.0000000000E+00 0.0000000000E+00 0.0000000000E+00 0.0000000000E+00 0.0000000000E+00 0.0000000000E+00 0.0000000000E+00 0.0000000000E+00 0.0000000000E+00 0.0000000000E+00
    10 1997 1.2564516129E+06 0.0000000000E+00 6.2822580000E+01 0.0000000000E+00 3.7693548000E+02 1.8846774000E+02 0.0000000000E+00 0.0000000000E+00 0.0000000000E+00 0.0000000000E+00 0.0000000000E+00 0.0000000000E+00 0.0000000000E+00 0.0000000000E+00 0.0000000000E+00 0.0000000000E+00 0.0000000000E+00 0.0000000000E+00
    11 1997 1.1456666667E+06 0.0000000000E+00 5.7283330000E+01 0.0000000000E+00 3.4370000000E+02 1.7185000000E+02 0.0000000000E+00 0.0000000000E+00 0.0000000000E+00 0.0000000000E+00 0.0000000000E+00 0.0000000000E+00 0.0000000000E+00 0.0000000000E+00 0.0000000000E+00 0.0000000000E+00 0.0000000000E+00 0.0000000000E+00
    12 1997 5.2806451613E+05 0.0000000000E+00 2.6403230000E+01 0.0000000000E+00 1.5841935000E+02 7.9209680000E+01 0.0000000000E+00 0.0000000000E+00 0.0000000000E+00 0.0000000000E+00 0.0000000000E+00 0.0000000000E+00 0.0000000000E+00 0.0000000000E+00 0.0000000000E+00 0.0000000000E+00 0.0000000000E+00 0.0000000000E+00
     1 1998 4.7935483871E+05 0.0000000000E+00 2.3967740000E+01 0.0000000000E+00 1.4380645000E+02 7.1903230000E+01 0.0000000000E+00 0.0000000000E+00 0.0000000000E+00 0.0000000000E+00 0.0000000000E+00 0.0000000000E+00 0.0000000000E+00 0.0000000000E+00 0.0000000000E+00 0.0000000000E+00 0.0000000000E+00 0.0000000000E+00
     2 1998 7.7000000000E+05 0.0000000000E+00 3.7172410000E+01 0.0000000000E+00 2.2303448000E+02 1.1151724000E+02 0.0000000000E+00 0.0000000000E+00 0.0000000000E+00 0.0000000000E+00 0.0000000000E+00 0.0000000000E+00 0.0000000000E+00 0.0000000000E+00 0.0000000000E+00 0.0000000000E+00 0.0000000000E+00 0.0000000000E+00
     3 1998 1.1125806452E+06 0.0000000000E+00 5.5629030000E+01 0.0000000000E+00 3.3377419000E+02 1.6688710000E+02 0.0000000000E+00 0.0000000000E+00 0.0000000000E+00 0.0000000000E+00 0.0000000000E+00 0.0000000000E+00 0.0000000000E+00 0.0000000000E+00 0.0000000000E+00 0.0000000000E+00 0.0000000000E+00 0.0000000000E+00
     4 1998 1.3073333333E+06 0.0000000000E+00 6.5366670000E+01 0.0000000000E+00 3.9220000000E+02 1.9610000000E+02 0.0000000000E+00 0.0000000000E+00 0.0000000000E+00 0.0000000000E+00 0.0000000000E+00 0.0000000000E+00 0.0000000000E+00 0.0000000000E+00 0.0000000000E+00 0.0000000000E+00 0.0000000000E+00 0.0000000000E+00
     5 1998 1.2832258065E+06 0.0000000000E+00 6.4161290000E+01 0.0000000000E+00 3.8496774000E+02 1.9248387000E+02 0.0000000000E+00 0.0000000000E+00 0.0000000000E+00 0.0000000000E+00 0.0000000000E+00 0.0000000000E+00 0.0000000000E+00 0.0000000000E+00 0.0000000000E+00 0.0000000000E+00 0.0000000000E+00 0.0000000000E+00
     6 1998 1.1740000000E+06 0.0000000000E+00 5.8700000000E+01 0.0000000000E+00 3.5220000000E+02 1.7610000000E+02 0.0000000000E+00 0.0000000000E+00 0.0000000000E+00 0.0000000000E+00 0.0000000000E+00 0.0000000000E+00 0.0000000000E+00 0.0000000000E+00 0.0000000000E+00 0.0000000000E+00 0.0000000000E+00 0.0000000000E+00
     7 1998 1.5851612903E+06 0.0000000000E+00 7.9258060000E+01 0.0000000000E+00 4.7554839000E+02 2.3777419000E+02 0.0000000000E+00 0.0000000000E+00 0.0000000000E+00 0.0000000000E+00 0.0000000000E+00 0.0000000000E+00 0.0000000000E+00 0.0000000000E+00 0.0000000000E+00 0.0000000000E+00 0.0000000000E+00 0.0000000000E+00
     8 1998 1.4190322581E+06 0.0000000000E+00 7.0951610000E+01 0.0000000000E+00 4.2570968000E+02 2.1285484000E+02 0.0000000000E+00 0.0000000000E+00 0.0000000000E+00 0.0000000000E+00 0.0000000000E+00 0.0000000000E+00 0.0000000000E+00 0.0000000000E+00 0.0000000000E+00 0.0000000000E+00 0.0000000000E+00 0.0000000000E+00
     9 1998 8.6633333333E+05 0.0000000000E+00 4.3316670000E+01 0.0000000000E+00 2.5990000000E+02 1.2995000000E+02 0.0000000000E+00 0.0000000000E+00 0.0000000000E+00 0.0000000000E+00 0.0000000000E+00 0.0000000000E+00 0.0000000000E+00 0.0000000000E+00 0.0000000000E+00 0.0000000000E+00 0.0000000000E+00 0.0000000000E+00
    10 1998 8.0032258065E+05 0.0000000000E+00 4.0016130000E+01 0.0000000000E+00 2.4009677000E+02 1.2004839000E+02 0.0000000000E+00 0.0000000000E+00 0.0000000000E+00 0.0000000000E+00 0.0000000000E+00 0.0000000000E+00 0.0000000000E+00 0.0000000000E+00 0.0000000000E+00 0.0000000000E+00 0.0000000000E+00 0.0000000000E+00
    11 1998 8.1266666667E+05 0.0000000000E+00 4.0633330000E+01 0.0000000000E+00 2.4380000000E+02 1.2190000000E+02 0.0000000000E+00 0.0000000000E+00 0.0000000000E+00 0.0000000000E+00 0.0000000000E+00 0.0000000000E+00 0.0000000000E+00 0.0000000000E+00 0.0000000000E+00 0.0000000000E+00 0.0000000000E+00 0.0000000000E+00
    12 1998 9.5032258065E+05 0.0000000000E+00 4.7516130000E+01 0.0000000000E+00 2.8509677000E+02 1.4254839000E+02 0.0000000000E+00 0.0000000000E+00 0.0000000000E+00 0.0000000000E+00 0.0000000000E+00 0.0000000000E+00 0.0000000000E+00 0.0000000000E+00 0.0000000000E+00 0.0000000000E+00 0.0000000000E+00 0.0000000000E+00
     1 1999 6.7032258065E+05 0.0000000000E+00 3.3516130000E+01 0.0000000000E+00 2.0109677000E+02 1.0054839000E+02 0.0000000000E+00 0.0000000000E+00 0.0000000000E+00 0.0000000000E+00 0.0000000000E+00 0.0000000000E+00 0.0000000000E+00 0.0000000000E+00 0.0000000000E+00 0.0000000000E+00 0.0000000000E+00 0.0000000000E+00
     2 1999 3.7178571429E+05 0.0000000000E+00 1.8589290000E+01 0.0000000000E+00 1.1153571000E+02 5.5767860000E+01 0.0000000000E+00 0.0000000000E+00 0.0000000000E+00 0.0000000000E+00 0.0000000000E+00 0.0000000000E+00 0.0000000000E+00 0.0000000000E+00 0.0000000000E+00 0.0000000000E+00 0.0000000000E+00 0.0000000000E+00
     3 1999 5.6645161290E+05 0.0000000000E+00 2.8322580000E+01 0.0000000000E+00 1.6993548000E+02 8.4967740000E+01 0.0000000000E+00 0.0000000000E+00 0.0000000000E+00 0.0000000000E+00 0.0000000000E+00 0.0000000000E+00 0.0000000000E+00 0.0000000000E+00 0.0000000000E+00 0.0000000000E+00 0.0000000000E+00 0.0000000000E+00
     4 1999 7.3733333333E+05 0.0000000000E+00 3.6866670000E+01 0.0000000000E+00 2.2120000000E+02 1.1060000000E+02 0.0000000000E+00 0.0000000000E+00 0.0000000000E+00 0.0000000000E+00 0.0000000000E+00 0.0000000000E+00 0.0000000000E+00 0.0000000000E+00 0.0000000000E+00 0.0000000000E+00 0.0000000000E+00 0.0000000000E+00
     5 1999 8.5838709677E+05 0.0000000000E+00 4.2919350000E+01 0.0000000000E+00 2.5751613000E+02 1.2875806000E+02 0.0000000000E+00 0.0000000000E+00 0.0000000000E+00 0.0000000000E+00 0.0000000000E+00 0.0000000000E+00 0.0000000000E+00 0.0000000000E+00 0.0000000000E+00 0.0000000000E+00 0.0000000000E+00 0.0000000000E+00
     6 1999 1.4446666667E+06 0.0000000000E+00 7.2233330000E+01 0.0000000000E+00 4.3340000000E+02 2.1670000000E+02 0.0000000000E+00 0.0000000000E+00 0.0000000000E+00 0.0000000000E+00 0.0000000000E+00 0.0000000000E+00 0.0000000000E+00 0.0000000000E+00 0.0000000000E+00 0.0000000000E+00 0.0000000000E+00 0.0000000000E+00
     7 1999 1.4719354839E+06 0.0000000000E+00 7.3596770000E+01 0.0000000000E+00 4.4158065000E+02 2.2079032000E+02 0.0000000000E+00 0.0000000000E+00 0.0000000000E+00 0.0000000000E+00 0.0000000000E+00 0.0000000000E+00 0.0000000000E+00 0.0000000000E+00 0.0000000000E+00 0.0000000000E+00 0.0000000000E+00 0.0000000000E+00
     8 1999 1.3135483871E+06 0.0000000000E+00 6.5677420000E+01 0.0000000000E+00 3.9406452000E+02 1.9703226000E+02 0.0000000000E+00 0.0000000000E+00 0.0000000000E+00 0.0000000000E+00 0.0000000000E+00 0.0000000000E+00 0.0000000000E+00 0.0000000000E+00 0.0000000000E+00 0.0000000000E+00 0.0000000000E+00 0.0000000000E+00
     9 1999 1.4000000000E+06 0.0000000000E+00 7.0000000000E+01 0.0000000000E+00 4.2000000000E+02 2.1000000000E+02 0.0000000000E+00 0.0000000000E+00 0.0000000000E+00 0.0000000000E+00 0.0000000000E+00 0.0000000000E+00 0.0000000000E+00 0.0000000000E+00 0.0000000000E+00 0.0000000000E+00 0.0000000000E+00 0.0000000000E+00
    10 1999 1.1167741936E+06 0.0000000000E+00 5.5838710000E+01 0.0000000000E+00 3.3503226000E+02 1.6751613000E+02 0.0000000000E+00 0.0000000000E+00 0.0000000000E+00 0.0000000000E+00 0.0000000000E+00 0.0000000000E+00 0.0000000000E+00 0.0000000000E+00 0.0000000000E+00 0.0000000000E+00 0.0000000000E+00 0.0000000000E+00
    11 1999 1.0800000000E+06 0.0000000000E+00 5.4000000000E+01 0.0000000000E+00 3.2400000000E+02 1.6200000000E+02 0.0000000000E+00 0.0000000000E+00 0.0000000000E+00 0.0000000000E+00 0.0000000000E+00 0.0000000000E+00 0.0000000000E+00 0.0000000000E+00 0.0000000000E+00 0.0000000000E+00 0.0000000000E+00 0.0000000000E+00
    12 1999 6.4225806452E+05 0.0000000000E+00 3.2112900000E+01 0.0000000000E+00 1.9267742000E+02 9.6338710000E+01 0.0000000000E+00 0.0000000000E+00 0.0000000000E+00 0.0000000000E+00 0.0000000000E+00 0.0000000000E+00 0.0000000000E+00 0.0000000000E+00 0.0000000000E+00 0.0000000000E+00 0.0000000000E+00 0.0000000000E+00
     1 2000 5.1580645161E+05 0.0000000000E+00 2.5790320000E+01 0.0000000000E+00 1.5474194000E+02 7.7370970000E+01 0.0000000000E+00 0.0000000000E+00 0.0000000000E+00 0.0000000000E+00 0.0000000000E+00 0.0000000000E+00 0.0000000000E+00 0.0000000000E+00 0.0000000000E+00 0.0000000000E+00 0.0000000000E+00 0.0000000000E+00
     2 2000 6.4724137931E+05 0.0000000000E+00 3.2362070000E+01 0.0000000000E+00 1.9417241000E+02 9.7086210000E+01 0.0000000000E+00 0.0000000000E+00 0.0000000000E+00 0.0000000000E+00 0.0000000000E+00 0.0000000000E+00 0.0000000000E+00 0.0000000000E+00 0.0000000000E+00 0.0000000000E+00 0.0000000000E+00 0.0000000000E+00
     3 2000 1.0241935484E+06 0.0000000000E+00 5.1209680000E+01 0.0000000000E+00 3.0725806000E+02 1.5362903000E+02 0.0000000000E+00 0.0000000000E+00 0.0000000000E+00 0.0000000000E+00 0.0000000000E+00 0.0000000000E+00 0.0000000000E+00 0.0000000000E+00 0.0000000000E+00 0.0000000000E+00 0.0000000000E+00 0.0000000000E+00
     4 2000 7.7766666667E+05 0.0000000000E+00 3.8883330000E+01 0.0000000000E+00 2.3330000000E+02 1.1665000000E+02 0.0000000000E+00 0.0000000000E+00 0.0000000000E+00 0.0000000000E+00 0.0000000000E+00 0.0000000000E+00 0.0000000000E+00 0.0000000000E+00 0.0000000000E+00 0.0000000000E+00 0.0000000000E+00 0.0000000000E+00
     5 2000 1.1041935484E+06 0.0000000000E+00 5.5209680000E+01 0.0000000000E+00 3.3125806000E+02 1.6562903000E+02 0.0000000000E+00 0.0000000000E+00 0.0000000000E+00 0.0000000000E+00 0.0000000000E+00 0.0000000000E+00 0.0000000000E+00 0.0000000000E+00 0.0000000000E+00 0.0000000000E+00 0.0000000000E+00 0.0000000000E+00
     6 2000 1.4143333333E+06 0.0000000000E+00 7.0716670000E+01 0.0000000000E+00 4.2430000000E+02 2.1215000000E+02 0.0000000000E+00 0.0000000000E+00 0.0000000000E+00 0.0000000000E+00 0.0000000000E+00 0.0000000000E+00 0.0000000000E+00 0.0000000000E+00 0.0000000000E+00 0.0000000000E+00 0.0000000000E+00 0.0000000000E+00
     7 2000 1.7690322581E+06 0.0000000000E+00 8.8451610000E+01 0.0000000000E+00 5.3070968000E+02 2.6535484000E+02 0.0000000000E+00 0.0000000000E+00 0.0000000000E+00 0.0000000000E+00 0.0000000000E+00 0.0000000000E+00 0.0000000000E+00 0.0000000000E+00 0.0000000000E+00 0.0000000000E+00 0.0000000000E+00 0.0000000000E+00
     8 2000 1.4254838710E+06 0.0000000000E+00 7.1274190000E+01 0.0000000000E+00 4.2764516000E+02 2.1382258000E+02 0.0000000000E+00 0.0000000000E+00 0.0000000000E+00 0.0000000000E+00 0.0000000000E+00 0.0000000000E+00 0.0000000000E+00 0.0000000000E+00 0.0000000000E+00 0.0000000000E+00 0.0000000000E+00 0.0000000000E+00
     9 2000 1.6560000000E+06 0.0000000000E+00 8.2800000000E+01 0.0000000000E+00 4.9680000000E+02 2.4840000000E+02 0.0000000000E+00 0.0000000000E+00 0.0000000000E+00 0.0000000000E+00 0.0000000000E+00 0.0000000000E+00 0.0000000000E+00 0.0000000000E+00 0.0000000000E+00 0.0000000000E+00 0.0000000000E+00 0.0000000000E+00
    10 2000 1.7532258065E+06 0.0000000000E+00 8.7661290000E+01 0.0000000000E+00 5.2596774000E+02 2.6298387000E+02 0.0000000000E+00 0.0000000000E+00 0.0000000000E+00 0.0000000000E+00 0.0000000000E+00 0.0000000000E+00 0.0000000000E+00 0.0000000000E+00 0.0000000000E+00 0.0000000000E+00 0.0000000000E+00 0.0000000000E+00
    11 2000 7.7400000000E+05 0.0000000000E+00 3.8700000000E+01 0.0000000000E+00 2.3220000000E+02 1.1610000000E+02 0.0000000000E+00 0.0000000000E+00 0.0000000000E+00 0.0000000000E+00 0.0000000000E+00 0.0000000000E+00 0.0000000000E+00 0.0000000000E+00 0.0000000000E+00 0.0000000000E+00 0.0000000000E+00 0.0000000000E+00
    12 2000 4.5709677419E+05 0.0000000000E+00 2.2854840000E+01 0.0000000000E+00 1.3712903000E+02 6.8564520000E+01 0.0000000000E+00 0.0000000000E+00 0.0000000000E+00 0.0000000000E+00 0.0000000000E+00 0.0000000000E+00 0.0000000000E+00 0.0000000000E+00 0.0000000000E+00 0.0000000000E+00 0.0000000000E+00 0.0000000000E+00
     1 2001 1.2419354839E+05 0.0000000000E+00 6.2096800000E+00 0.0000000000E+00 3.7258060000E+01 1.8629030000E+01 0.0000000000E+00 0.0000000000E+00 0.0000000000E+00 0.0000000000E+00 0.0000000000E+00 0.0000000000E+00 0.0000000000E+00 0.0000000000E+00 0.0000000000E+00 0.0000000000E+00 0.0000000000E+00 0.0000000000E+00
     2 2001 1.1275000000E+06 0.0000000000E+00 5.6375000000E+01 0.0000000000E+00 3.3825000000E+02 1.6912500000E+02 0.0000000000E+00 0.0000000000E+00 0.0000000000E+00 0.0000000000E+00 0.0000000000E+00 0.0000000000E+00 0.0000000000E+00 0.0000000000E+00 0.0000000000E+00 0.0000000000E+00 0.0000000000E+00 0.0000000000E+00
     3 2001 9.1032258065E+05 0.0000000000E+00 4.5516130000E+01 0.0000000000E+00 2.7309677000E+02 1.3654839000E+02 0.0000000000E+00 0.0000000000E+00 0.0000000000E+00 0.0000000000E+00 0.0000000000E+00 0.0000000000E+00 0.0000000000E+00 0.0000000000E+00 0.0000000000E+00 0.0000000000E+00 0.0000000000E+00 0.0000000000E+00
     4 2001 1.1853333333E+06 0.0000000000E+00 5.9266670000E+01 0.0000000000E+00 3.5560000000E+02 1.7780000000E+02 0.0000000000E+00 0.0000000000E+00 0.0000000000E+00 0.0000000000E+00 0.0000000000E+00 0.0000000000E+00 0.0000000000E+00 0.0000000000E+00 0.0000000000E+00 0.0000000000E+00 0.0000000000E+00 0.0000000000E+00
     5 2001 1.6790322581E+06 0.0000000000E+00 8.3951610000E+01 0.0000000000E+00 5.0370968000E+02 2.5185484000E+02 0.0000000000E+00 0.0000000000E+00 0.0000000000E+00 0.0000000000E+00 0.0000000000E+00 0.0000000000E+00 0.0000000000E+00 0.0000000000E+00 0.0000000000E+00 0.0000000000E+00 0.0000000000E+00 0.0000000000E+00
     6 2001 1.3576666667E+06 0.0000000000E+00 6.7883330000E+01 0.0000000000E+00 4.0730000000E+02 2.0365000000E+02 0.0000000000E+00 0.0000000000E+00 0.0000000000E+00 0.0000000000E+00 0.0000000000E+00 0.0000000000E+00 0.0000000000E+00 0.0000000000E+00 0.0000000000E+00 0.0000000000E+00 0.0000000000E+00 0.0000000000E+00
     7 2001 1.4080645161E+06 0.0000000000E+00 7.0403230000E+01 0.0000000000E+00 4.2241935000E+02 2.1120968000E+02 0.0000000000E+00 0.0000000000E+00 0.0000000000E+00 0.0000000000E+00 0.0000000000E+00 0.0000000000E+00 0.0000000000E+00 0.0000000000E+00 0.0000000000E+00 0.0000000000E+00 0.0000000000E+00 0.0000000000E+00
     8 2001 1.8048387097E+06 0.0000000000E+00 9.0241940000E+01 0.0000000000E+00 5.4145161000E+02 2.7072581000E+02 0.0000000000E+00 0.0000000000E+00 0.0000000000E+00 0.0000000000E+00 0.0000000000E+00 0.0000000000E+00 0.0000000000E+00 0.0000000000E+00 0.0000000000E+00 0.0000000000E+00 0.0000000000E+00 0.0000000000E+00
     9 2001 1.8646666667E+06 0.0000000000E+00 9.3233330000E+01 0.0000000000E+00 5.5940000000E+02 2.7970000000E+02 0.0000000000E+00 0.0000000000E+00 0.0000000000E+00 0.0000000000E+00 0.0000000000E+00 0.0000000000E+00 0.0000000000E+00 0.0000000000E+00 0.0000000000E+00 0.0000000000E+00 0.0000000000E+00 0.0000000000E+00
    10 2001 1.2580645161E+06 0.0000000000E+00 6.2903230000E+01 0.0000000000E+00 3.7741935000E+02 1.8870968000E+02 0.0000000000E+00 0.0000000000E+00 0.0000000000E+00 0.0000000000E+00 0.0000000000E+00 0.0000000000E+00 0.0000000000E+00 0.0000000000E+00 0.0000000000E+00 0.0000000000E+00 0.0000000000E+00 0.0000000000E+00
    11 2001 8.6366666667E+05 0.0000000000E+00 4.3183330000E+01 0.0000000000E+00 2.5910000000E+02 1.2955000000E+02 0.0000000000E+00 0.0000000000E+00 0.0000000000E+00 0.0000000000E+00 0.0000000000E+00 0.0000000000E+00 0.0000000000E+00 0.0000000000E+00 0.0000000000E+00 0.0000000000E+00 0.0000000000E+00 0.0000000000E+00
    12 2001 1.6838709677E+05 0.0000000000E+00 8.4193500000E+00 0.0000000000E+00 5.0516130000E+01 2.5258060000E+01 0.0000000000E+00 0.0000000000E+00 0.0000000000E+00 0.0000000000E+00 0.0000000000E+00 0.0000000000E+00 0.0000000000E+00 0.0000000000E+00 0.0000000000E+00 0.0000000000E+00 0.0000000000E+00 0.0000000000E+00
     1 2002 4.7612903226E+05 0.0000000000E+00 2.3806450000E+01 0.0000000000E+00 1.4283871000E+02 7.1419350000E+01 0.0000000000E+00 0.0000000000E+00 0.0000000000E+00 0.0000000000E+00 0.0000000000E+00 0.0000000000E+00 0.0000000000E+00 0.0000000000E+00 0.0000000000E+00 0.0000000000E+00 0.0000000000E+00 0.0000000000E+00
     2 2002 2.8142857143E+05 0.0000000000E+00 1.4071430000E+01 0.0000000000E+00 8.4428570000E+01 4.2214290000E+01 0.0000000000E+00 0.0000000000E+00 0.0000000000E+00 0.0000000000E+00 0.0000000000E+00 0.0000000000E+00 0.0000000000E+00 0.0000000000E+00 0.0000000000E+00 0.0000000000E+00 0.0000000000E+00 0.0000000000E+00
     3 2002 1.7774193548E+05 0.0000000000E+00 8.8871000000E+00 0.0000000000E+00 5.3322580000E+01 2.6661290000E+01 0.0000000000E+00 0.0000000000E+00 0.0000000000E+00 0.0000000000E+00 0.0000000000E+00 0.0000000000E+00 0.0000000000E+00 0.0000000000E+00 0.0000000000E+00 0.0000000000E+00 0.0000000000E+00 0.0000000000E+00
     4 2002 8.9700000000E+05 0.0000000000E+00 4.4850000000E+01 0.0000000000E+00 2.6910000000E+02 1.3455000000E+02 0.0000000000E+00 0.0000000000E+00 0.0000000000E+00 0.0000000000E+00 0.0000000000E+00 0.0000000000E+00 0.0000000000E+00 0.0000000000E+00 0.0000000000E+00 0.0000000000E+00 0.0000000000E+00 0.0000000000E+00
     5 2002 7.6258064516E+05 0.0000000000E+00 3.8129030000E+01 0.0000000000E+00 2.2877419000E+02 1.1438710000E+02 0.0000000000E+00 0.0000000000E+00 0.0000000000E+00 0.0000000000E+00 0.0000000000E+00 0.0000000000E+00 0.0000000000E+00 0.0000000000E+00 0.0000000000E+00 0.0000000000E+00 0.0000000000E+00 0.0000000000E+00
     6 2002 2.3196666667E+06 0.0000000000E+00 1.1598333000E+02 0.0000000000E+00 6.9590000000E+02 3.4795000000E+02 0.0000000000E+00 0.0000000000E+00 0.0000000000E+00 0.0000000000E+00 0.0000000000E+00 0.0000000000E+00 0.0000000000E+00 0.0000000000E+00 0.0000000000E+00 0.0000000000E+00 0.0000000000E+00 0.0000000000E+00
     7 2002 1.4541935484E+06 0.0000000000E+00 7.2709680000E+01 0.0000000000E+00 4.3625806000E+02 2.1812903000E+02 0.0000000000E+00 0.0000000000E+00 0.0000000000E+00 0.0000000000E+00 0.0000000000E+00 0.0000000000E+00 0.0000000000E+00 0.0000000000E+00 0.0000000000E+00 0.0000000000E+00 0.0000000000E+00 0.0000000000E+00
     8 2002 2.3041935484E+06 0.0000000000E+00 1.1520968000E+02 0.0000000000E+00 6.9125806000E+02 3.4562903000E+02 0.0000000000E+00 0.0000000000E+00 0.0000000000E+00 0.0000000000E+00 0.0000000000E+00 0.0000000000E+00 0.0000000000E+00 0.0000000000E+00 0.0000000000E+00 0.0000000000E+00 0.0000000000E+00 0.0000000000E+00
     9 2002 1.8350000000E+06 0.0000000000E+00 9.1750000000E+01 0.0000000000E+00 5.5050000000E+02 2.7525000000E+02 0.0000000000E+00 0.0000000000E+00 0.0000000000E+00 0.0000000000E+00 0.0000000000E+00 0.0000000000E+00 0.0000000000E+00 0.0000000000E+00 0.0000000000E+00 0.0000000000E+00 0.0000000000E+00 0.0000000000E+00
    10 2002 6.6483870968E+05 0.0000000000E+00 3.3241940000E+01 0.0000000000E+00 1.9945161000E+02 9.9725810000E+01 0.0000000000E+00 0.0000000000E+00 0.0000000000E+00 0.0000000000E+00 0.0000000000E+00 0.0000000000E+00 0.0000000000E+00 0.0000000000E+00 0.0000000000E+00 0.0000000000E+00 0.0000000000E+00 0.0000000000E+00
    11 2002 5.6100000000E+05 0.0000000000E+00 2.8050000000E+01 0.0000000000E+00 1.6830000000E+02 8.4150000000E+01 0.0000000000E+00 0.0000000000E+00 0.0000000000E+00 0.0000000000E+00 0.0000000000E+00 0.0000000000E+00 0.0000000000E+00 0.0000000000E+00 0.0000000000E+00 0.0000000000E+00 0.0000000000E+00 0.0000000000E+00
    12 2002 5.1096774194E+05 0.0000000000E+00 2.5548390000E+01 0.0000000000E+00 1.5329032000E+02 7.6645160000E+01 0.0000000000E+00 0.0000000000E+00 0.0000000000E+00 0.0000000000E+00 0.0000000000E+00 0.0000000000E+00 0.0000000000E+00 0.0000000000E+00 0.0000000000E+00 0.0000000000E+00 0.0000000000E+00 0.0000000000E+00
     1 2003 6.4806451613E+05 0.0000000000E+00 3.2403230000E+01 0.0000000000E+00 1.9441935000E+02 9.7209680000E+01 0.0000000000E+00 0.0000000000E+00 0.0000000000E+00 0.0000000000E+00 0.0000000000E+00 0.0000000000E+00 0.0000000000E+00 0.0000000000E+00 0.0000000000E+00 0.0000000000E+00 0.0000000000E+00 0.0000000000E+00
     2 2003 7.6357142857E+05 0.0000000000E+00 3.8178570000E+01 0.0000000000E+00 2.2907143000E+02 1.1453571000E+02 0.0000000000E+00 0.0000000000E+00 0.0000000000E+00 0.0000000000E+00 0.0000000000E+00 0.0000000000E+00 0.0000000000E+00 0.0000000000E+00 0.0000000000E+00 0.0000000000E+00 0.0000000000E+00 0.0000000000E+00
     3 2003 4.9225806452E+05 0.0000000000E+00 2.4612900000E+01 0.0000000000E+00 1.4767742000E+02 7.3838710000E+01 0.0000000000E+00 0.0000000000E+00 0.0000000000E+00 0.0000000000E+00 0.0000000000E+00 0.0000000000E+00 0.0000000000E+00 0.0000000000E+00 0.0000000000E+00 0.0000000000E+00 0.0000000000E+00 0.0000000000E+00
     4 2003 5.1100000000E+05 0.0000000000E+00 2.5550000000E+01 0.0000000000E+00 1.5330000000E+02 7.6650000000E+01 0.0000000000E+00 0.0000000000E+00 0.0000000000E+00 0.0000000000E+00 0.0000000000E+00 0.0000000000E+00 0.0000000000E+00 0.0000000000E+00 0.0000000000E+00 0.0000000000E+00 0.0000000000E+00 0.0000000000E+00
     5 2003 9.1322580645E+05 0.0000000000E+00 4.5661290000E+01 0.0000000000E+00 2.7396774000E+02 1.3698387000E+02 0.0000000000E+00 0.0000000000E+00 0.0000000000E+00 0.0000000000E+00 0.0000000000E+00 0.0000000000E+00 0.0000000000E+00 0.0000000000E+00 0.0000000000E+00 0.0000000000E+00 0.0000000000E+00 0.0000000000E+00
     6 2003 1.0516666667E+06 0.0000000000E+00 5.2583330000E+01 0.0000000000E+00 3.1550000000E+02 1.5775000000E+02 0.0000000000E+00 0.0000000000E+00 0.0000000000E+00 0.0000000000E+00 0.0000000000E+00 0.0000000000E+00 0.0000000000E+00 0.0000000000E+00 0.0000000000E+00 0.0000000000E+00 0.0000000000E+00 0.0000000000E+00
     7 2003 3.5032258065E+05 0.0000000000E+00 1.7516130000E+01 0.0000000000E+00 1.0509677000E+02 5.2548390000E+01 0.0000000000E+00 0.0000000000E+00 0.0000000000E+00 0.0000000000E+00 0.0000000000E+00 0.0000000000E+00 0.0000000000E+00 0.0000000000E+00 0.0000000000E+00 0.0000000000E+00 0.0000000000E+00 0.0000000000E+00
     8 2003 9.8516129032E+05 0.0000000000E+00 4.9258060000E+01 0.0000000000E+00 2.9554839000E+02 1.4777419000E+02 0.0000000000E+00 0.0000000000E+00 0.0000000000E+00 0.0000000000E+00 0.0000000000E+00 0.0000000000E+00 0.0000000000E+00 0.0000000000E+00 0.0000000000E+00 0.0000000000E+00 0.0000000000E+00 0.0000000000E+00
     9 2003 1.5096666667E+06 0.0000000000E+00 7.5483330000E+01 0.0000000000E+00 4.5290000000E+02 2.2645000000E+02 0.0000000000E+00 0.0000000000E+00 0.0000000000E+00 0.0000000000E+00 0.0000000000E+00 0.0000000000E+00 0.0000000000E+00 0.0000000000E+00 0.0000000000E+00 0.0000000000E+00 0.0000000000E+00 0.0000000000E+00
    10 2003 1.0009677419E+06 0.0000000000E+00 5.0048390000E+01 0.0000000000E+00 3.0029032000E+02 1.5014516000E+02 0.0000000000E+00 0.0000000000E+00 0.0000000000E+00 0.0000000000E+00 0.0000000000E+00 0.0000000000E+00 0.0000000000E+00 0.0000000000E+00 0.0000000000E+00 0.0000000000E+00 0.0000000000E+00 0.0000000000E+00
    11 2003 6.4800000000E+05 0.0000000000E+00 3.2400000000E+01 0.0000000000E+00 1.9440000000E+02 9.7200000000E+01 0.0000000000E+00 0.0000000000E+00 0.0000000000E+00 0.0000000000E+00 0.0000000000E+00 0.0000000000E+00 0.0000000000E+00 0.0000000000E+00 0.0000000000E+00 0.0000000000E+00 0.0000000000E+00 0.0000000000E+00
    12 2003 6.3774193548E+05 0.0000000000E+00 3.1887100000E+01 0.0000000000E+00 1.9132258000E+02 9.5661290000E+01 0.0000000000E+00 0.0000000000E+00 0.0000000000E+00 0.0000000000E+00 0.0000000000E+00 0.0000000000E+00 0.0000000000E+00 0.0000000000E+00 0.0000000000E+00 0.0000000000E+00 0.0000000000E+00 0.0000000000E+00
     1 2004 5.7096774190E+04 0.0000000000E+00 2.8548400000E+00 0.0000000000E+00 1.7129030000E+01 8.5645200000E+00 0.0000000000E+00 0.0000000000E+00 0.0000000000E+00 0.0000000000E+00 0.0000000000E+00 0.0000000000E+00 0.0000000000E+00 0.0000000000E+00 0.0000000000E+00 0.0000000000E+00 0.0000000000E+00 0.0000000000E+00
     2 2004 2.6344827586E+05 0.0000000000E+00 1.3172410000E+01 0.0000000000E+00 7.9034480000E+01 3.9517240000E+01 0.0000000000E+00 0.0000000000E+00 0.0000000000E+00 0.0000000000E+00 0.0000000000E+00 0.0000000000E+00 0.0000000000E+00 0.0000000000E+00 0.0000000000E+00 0.0000000000E+00 0.0000000000E+00 0.0000000000E+00
     3 2004 2.8709677419E+05 0.0000000000E+00 1.4354840000E+01 0.0000000000E+00 8.6129030000E+01 4.3064520000E+01 0.0000000000E+00 0.0000000000E+00 0.0000000000E+00 0.0000000000E+00 0.0000000000E+00 0.0000000000E+00 0.0000000000E+00 0.0000000000E+00 0.0000000000E+00 0.0000000000E+00 0.0000000000E+00 0.0000000000E+00
     4 2004 3.3566666667E+05 0.0000000000E+00 1.6783330000E+01 0.0000000000E+00 1.0070000000E+02 5.0350000000E+01 0.0000000000E+00 0.0000000000E+00 0.0000000000E+00 0.0000000000E+00 0.0000000000E+00 0.0000000000E+00 0.0000000000E+00 0.0000000000E+00 0.0000000000E+00 0.0000000000E+00 0.0000000000E+00 0.0000000000E+00
     5 2004 6.5129032258E+05 0.0000000000E+00 3.2564520000E+01 0.0000000000E+00 1.9538710000E+02 9.7693550000E+01 0.0000000000E+00 0.0000000000E+00 0.0000000000E+00 0.0000000000E+00 0.0000000000E+00 0.0000000000E+00 0.0000000000E+00 0.0000000000E+00 0.0000000000E+00 0.0000000000E+00 0.0000000000E+00 0.0000000000E+00
     6 2004 1.0073333333E+06 0.0000000000E+00 5.0366670000E+01 0.0000000000E+00 3.0220000000E+02 1.5110000000E+02 0.0000000000E+00 0.0000000000E+00 0.0000000000E+00 0.0000000000E+00 0.0000000000E+00 0.0000000000E+00 0.0000000000E+00 0.0000000000E+00 0.0000000000E+00 0.0000000000E+00 0.0000000000E+00 0.0000000000E+00
     7 2004 3.5677419355E+05 0.0000000000E+00 1.7838710000E+01 0.0000000000E+00 1.0703226000E+02 5.3516130000E+01 0.0000000000E+00 0.0000000000E+00 0.0000000000E+00 0.0000000000E+00 0.0000000000E+00 0.0000000000E+00 0.0000000000E+00 0.0000000000E+00 0.0000000000E+00 0.0000000000E+00 0.0000000000E+00 0.0000000000E+00
     8 2004 5.7064516129E+05 0.0000000000E+00 2.8532260000E+01 0.0000000000E+00 1.7119355000E+02 8.5596770000E+01 0.0000000000E+00 0.0000000000E+00 0.0000000000E+00 0.0000000000E+00 0.0000000000E+00 0.0000000000E+00 0.0000000000E+00 0.0000000000E+00 0.0000000000E+00 0.0000000000E+00 0.0000000000E+00 0.0000000000E+00
     9 2004 1.5473333333E+06 0.0000000000E+00 7.7366670000E+01 0.0000000000E+00 4.6420000000E+02 2.3210000000E+02 0.0000000000E+00 0.0000000000E+00 0.0000000000E+00 0.0000000000E+00 0.0000000000E+00 0.0000000000E+00 0.0000000000E+00 0.0000000000E+00 0.0000000000E+00 0.0000000000E+00 0.0000000000E+00 0.0000000000E+00
    10 2004 9.9870967742E+05 0.0000000000E+00 4.9935480000E+01 0.0000000000E+00 2.9961290000E+02 1.4980645000E+02 0.0000000000E+00 0.0000000000E+00 0.0000000000E+00 0.0000000000E+00 0.0000000000E+00 0.0000000000E+00 0.0000000000E+00 0.0000000000E+00 0.0000000000E+00 0.0000000000E+00 0.0000000000E+00 0.0000000000E+00
    11 2004 5.7900000000E+05 0.0000000000E+00 2.8950000000E+01 0.0000000000E+00 1.7370000000E+02 8.6850000000E+01 0.0000000000E+00 0.0000000000E+00 0.0000000000E+00 0.0000000000E+00 0.0000000000E+00 0.0000000000E+00 0.0000000000E+00 0.0000000000E+00 0.0000000000E+00 0.0000000000E+00 0.0000000000E+00 0.0000000000E+00
    12 2004 5.2032258065E+05 0.0000000000E+00 2.6016130000E+01 0.0000000000E+00 1.5609677000E+02 7.8048390000E+01 0.0000000000E+00 0.0000000000E+00 0.0000000000E+00 0.0000000000E+00 0.0000000000E+00 0.0000000000E+00 0.0000000000E+00 0.0000000000E+00 0.0000000000E+00 0.0000000000E+00 0.0000000000E+00 0.0000000000E+00
     1 2005 2.3225806452E+05 0.0000000000E+00 1.1612900000E+01 0.0000000000E+00 6.9677420000E+01 3.4838710000E+01 0.0000000000E+00 0.0000000000E+00 0.0000000000E+00 0.0000000000E+00 0.0000000000E+00 0.0000000000E+00 0.0000000000E+00 0.0000000000E+00 0.0000000000E+00 0.0000000000E+00 0.0000000000E+00 0.0000000000E+00
     2 2005 1.6500000000E+05 0.0000000000E+00 8.2500000000E+00 0.0000000000E+00 4.9500000000E+01 2.4750000000E+01 0.0000000000E+00 0.0000000000E+00 0.0000000000E+00 0.0000000000E+00 0.0000000000E+00 0.0000000000E+00 0.0000000000E+00 0.0000000000E+00 0.0000000000E+00 0.0000000000E+00 0.0000000000E+00 0.0000000000E+00
     3 2005 4.6032258065E+05 0.0000000000E+00 2.3016130000E+01 0.0000000000E+00 1.3809677000E+02 6.9048390000E+01 0.0000000000E+00 0.0000000000E+00 0.0000000000E+00 0.0000000000E+00 0.0000000000E+00 0.0000000000E+00 0.0000000000E+00 0.0000000000E+00 0.0000000000E+00 0.0000000000E+00 0.0000000000E+00 0.0000000000E+00
     4 2005 2.6700000000E+05 0.0000000000E+00 1.3350000000E+01 0.0000000000E+00 8.0100000000E+01 4.0050000000E+01 0.0000000000E+00 0.0000000000E+00 0.0000000000E+00 0.0000000000E+00 0.0000000000E+00 0.0000000000E+00 0.0000000000E+00 0.0000000000E+00 0.0000000000E+00 0.0000000000E+00 0.0000000000E+00 0.0000000000E+00
     5 2005 1.3358064516E+06 0.0000000000E+00 6.6790320000E+01 0.0000000000E+00 4.0074194000E+02 2.0037097000E+02 0.0000000000E+00 0.0000000000E+00 0.0000000000E+00 0.0000000000E+00 0.0000000000E+00 0.0000000000E+00 0.0000000000E+00 0.0000000000E+00 0.0000000000E+00 0.0000000000E+00 0.0000000000E+00 0.0000000000E+00
     6 2005 2.1473333333E+06 0.0000000000E+00 1.0736667000E+02 0.0000000000E+00 6.4420000000E+02 3.2210000000E+02 0.0000000000E+00 0.0000000000E+00 0.0000000000E+00 0.0000000000E+00 0.0000000000E+00 0.0000000000E+00 0.0000000000E+00 0.0000000000E+00 0.0000000000E+00 0.0000000000E+00 0.0000000000E+00 0.0000000000E+00
     7 2005 1.9345161290E+06 0.0000000000E+00 9.6725810000E+01 0.0000000000E+00 5.8035484000E+02 2.9017742000E+02 0.0000000000E+00 0.0000000000E+00 0.0000000000E+00 0.0000000000E+00 0.0000000000E+00 0.0000000000E+00 0.0000000000E+00 0.0000000000E+00 0.0000000000E+00 0.0000000000E+00 0.0000000000E+00 0.0000000000E+00
     8 2005 1.4635483871E+06 0.0000000000E+00 7.3177420000E+01 0.0000000000E+00 4.3906452000E+02 2.1953226000E+02 0.0000000000E+00 0.0000000000E+00 0.0000000000E+00 0.0000000000E+00 0.0000000000E+00 0.0000000000E+00 0.0000000000E+00 0.0000000000E+00 0.0000000000E+00 0.0000000000E+00 0.0000000000E+00 0.0000000000E+00
     9 2005 2.2540000000E+06 0.0000000000E+00 1.1270000000E+02 0.0000000000E+00 6.7620000000E+02 3.3810000000E+02 0.0000000000E+00 0.0000000000E+00 0.0000000000E+00 0.0000000000E+00 0.0000000000E+00 0.0000000000E+00 0.0000000000E+00 0.0000000000E+00 0.0000000000E+00 0.0000000000E+00 0.0000000000E+00 0.0000000000E+00
    10 2005 7.3032258065E+05 0.0000000000E+00 3.6516130000E+01 0.0000000000E+00 2.1909677000E+02 1.0954839000E+02 0.0000000000E+00 0.0000000000E+00 0.0000000000E+00 0.0000000000E+00 0.0000000000E+00 0.0000000000E+00 0.0000000000E+00 0.0000000000E+00 0.0000000000E+00 0.0000000000E+00 0.0000000000E+00 0.0000000000E+00
    11 2005 6.9833333333E+05 0.0000000000E+00 3.4916670000E+01 0.0000000000E+00 2.0950000000E+02 1.0475000000E+02 0.0000000000E+00 0.0000000000E+00 0.0000000000E+00 0.0000000000E+00 0.0000000000E+00 0.0000000000E+00 0.0000000000E+00 0.0000000000E+00 0.0000000000E+00 0.0000000000E+00 0.0000000000E+00 0.0000000000E+00
    12 2005 4.2612903226E+05 0.0000000000E+00 2.1306450000E+01 0.0000000000E+00 1.2783871000E+02 6.3919350000E+01 0.0000000000E+00 0.0000000000E+00 0.0000000000E+00 0.0000000000E+00 0.0000000000E+00 0.0000000000E+00 0.0000000000E+00 0.0000000000E+00 0.0000000000E+00 0.0000000000E+00 0.0000000000E+00 0.0000000000E+00
     1 2006 4.5612903226E+05 0.0000000000E+00 2.2806450000E+01 0.0000000000E+00 1.3683871000E+02 6.8419350000E+01 0.0000000000E+00 0.0000000000E+00 0.0000000000E+00 0.0000000000E+00 0.0000000000E+00 0.0000000000E+00 0.0000000000E+00 0.0000000000E+00 0.0000000000E+00 0.0000000000E+00 0.0000000000E+00 0.0000000000E+00
     2 2006 6.2321428571E+05 0.0000000000E+00 3.1160710000E+01 0.0000000000E+00 1.8696429000E+02 9.3482140000E+01 0.0000000000E+00 0.0000000000E+00 0.0000000000E+00 0.0000000000E+00 0.0000000000E+00 0.0000000000E+00 0.0000000000E+00 0.0000000000E+00 0.0000000000E+00 0.0000000000E+00 0.0000000000E+00 0.0000000000E+00
     3 2006 5.8064516129E+05 0.0000000000E+00 2.9032260000E+01 0.0000000000E+00 1.7419355000E+02 8.7096770000E+01 0.0000000000E+00 0.0000000000E+00 0.0000000000E+00 0.0000000000E+00 0.0000000000E+00 0.0000000000E+00 0.0000000000E+00 0.0000000000E+00 0.0000000000E+00 0.0000000000E+00 0.0000000000E+00 0.0000000000E+00
     4 2006 1.0390000000E+06 0.0000000000E+00 5.1950000000E+01 0.0000000000E+00 3.1170000000E+02 1.5585000000E+02 0.0000000000E+00 0.0000000000E+00 0.0000000000E+00 0.0000000000E+00 0.0000000000E+00 0.0000000000E+00 0.0000000000E+00 0.0000000000E+00 0.0000000000E+00 0.0000000000E+00 0.0000000000E+00 0.0000000000E+00
     5 2006 1.8522580645E+06 0.0000000000E+00 9.2612900000E+01 0.0000000000E+00 5.5567742000E+02 2.7783871000E+02 0.0000000000E+00 0.0000000000E+00 0.0000000000E+00 0.0000000000E+00 0.0000000000E+00 0.0000000000E+00 0.0000000000E+00 0.0000000000E+00 0.0000000000E+00 0.0000000000E+00 0.0000000000E+00 0.0000000000E+00
     6 2006 2.4963333333E+06 0.0000000000E+00 1.2481667000E+02 0.0000000000E+00 7.4890000000E+02 3.7445000000E+02 0.0000000000E+00 0.0000000000E+00 0.0000000000E+00 0.0000000000E+00 0.0000000000E+00 0.0000000000E+00 0.0000000000E+00 0.0000000000E+00 0.0000000000E+00 0.0000000000E+00 0.0000000000E+00 0.0000000000E+00
     7 2006 2.4516129032E+06 0.0000000000E+00 1.2258065000E+02 0.0000000000E+00 7.3548387000E+02 3.6774194000E+02 0.0000000000E+00 0.0000000000E+00 0.0000000000E+00 0.0000000000E+00 0.0000000000E+00 0.0000000000E+00 0.0000000000E+00 0.0000000000E+00 0.0000000000E+00 0.0000000000E+00 0.0000000000E+00 0.0000000000E+00
     8 2006 2.5832258065E+06 0.0000000000E+00 1.2916129000E+02 0.0000000000E+00 7.7496774000E+02 3.8748387000E+02 0.0000000000E+00 0.0000000000E+00 0.0000000000E+00 0.0000000000E+00 0.0000000000E+00 0.0000000000E+00 0.0000000000E+00 0.0000000000E+00 0.0000000000E+00 0.0000000000E+00 0.0000000000E+00 0.0000000000E+00
     9 2006 1.8053333333E+06 0.0000000000E+00 9.0266670000E+01 0.0000000000E+00 5.4160000000E+02 2.7080000000E+02 0.0000000000E+00 0.0000000000E+00 0.0000000000E+00 0.0000000000E+00 0.0000000000E+00 0.0000000000E+00 0.0000000000E+00 0.0000000000E+00 0.0000000000E+00 0.0000000000E+00 0.0000000000E+00 0.0000000000E+00
    10 2006 7.1612903226E+05 0.0000000000E+00 3.5806450000E+01 0.0000000000E+00 2.1483871000E+02 1.0741935000E+02 0.0000000000E+00 0.0000000000E+00 0.0000000000E+00 0.0000000000E+00 0.0000000000E+00 0.0000000000E+00 0.0000000000E+00 0.0000000000E+00 0.0000000000E+00 0.0000000000E+00 0.0000000000E+00 0.0000000000E+00
    11 2006 3.7400000000E+05 0.0000000000E+00 1.8700000000E+01 0.0000000000E+00 1.1220000000E+02 5.6100000000E+01 0.0000000000E+00 0.0000000000E+00 0.0000000000E+00 0.0000000000E+00 0.0000000000E+00 0.0000000000E+00 0.0000000000E+00 0.0000000000E+00 0.0000000000E+00 0.0000000000E+00 0.0000000000E+00 0.0000000000E+00
    12 2006 4.0290322581E+05 0.0000000000E+00 2.0145160000E+01 0.0000000000E+00 1.2087097000E+02 6.0435480000E+01 0.0000000000E+00 0.0000000000E+00 0.0000000000E+00 0.0000000000E+00 0.0000000000E+00 0.0000000000E+00 0.0000000000E+00 0.0000000000E+00 0.0000000000E+00 0.0000000000E+00 0.0000000000E+00 0.0000000000E+00
     1 2007 5.4129032258E+05 0.0000000000E+00 2.7064520000E+01 0.0000000000E+00 1.6238710000E+02 8.1193550000E+01 0.0000000000E+00 0.0000000000E+00 0.0000000000E+00 0.0000000000E+00 0.0000000000E+00 0.0000000000E+00 0.0000000000E+00 0.0000000000E+00 0.0000000000E+00 0.0000000000E+00 0.0000000000E+00 0.0000000000E+00
     2 2007 4.0214285714E+05 0.0000000000E+00 2.0107140000E+01 0.0000000000E+00 1.2064286000E+02 6.0321430000E+01 0.0000000000E+00 0.0000000000E+00 0.0000000000E+00 0.0000000000E+00 0.0000000000E+00 0.0000000000E+00 0.0000000000E+00 0.0000000000E+00 0.0000000000E+00 0.0000000000E+00 0.0000000000E+00 0.0000000000E+00
     3 2007 3.5645161290E+05 0.0000000000E+00 1.7822580000E+01 0.0000000000E+00 1.0693548000E+02 5.3467740000E+01 0.0000000000E+00 0.0000000000E+00 0.0000000000E+00 0.0000000000E+00 0.0000000000E+00 0.0000000000E+00 0.0000000000E+00 0.0000000000E+00 0.0000000000E+00 0.0000000000E+00 0.0000000000E+00 0.0000000000E+00
     4 2007 1.3130000000E+06 0.0000000000E+00 6.5650000000E+01 0.0000000000E+00 3.9390000000E+02 1.9695000000E+02 0.0000000000E+00 0.0000000000E+00 0.0000000000E+00 0.0000000000E+00 0.0000000000E+00 0.0000000000E+00 0.0000000000E+00 0.0000000000E+00 0.0000000000E+00 0.0000000000E+00 0.0000000000E+00 0.0000000000E+00
     5 2007 8.7000000000E+05 0.0000000000E+00 4.3500000000E+01 0.0000000000E+00 2.6100000000E+02 1.3050000000E+02 0.0000000000E+00 0.0000000000E+00 0.0000000000E+00 0.0000000000E+00 0.0000000000E+00 0.0000000000E+00 0.0000000000E+00 0.0000000000E+00 0.0000000000E+00 0.0000000000E+00 0.0000000000E+00 0.0000000000E+00
     6 2007 2.1996666667E+06 0.0000000000E+00 1.0998333000E+02 0.0000000000E+00 6.5990000000E+02 3.2995000000E+02 0.0000000000E+00 0.0000000000E+00 0.0000000000E+00 0.0000000000E+00 0.0000000000E+00 0.0000000000E+00 0.0000000000E+00 0.0000000000E+00 0.0000000000E+00 0.0000000000E+00 0.0000000000E+00 0.0000000000E+00
     7 2007 1.8274193548E+06 0.0000000000E+00 9.1370970000E+01 0.0000000000E+00 5.4822581000E+02 2.7411290000E+02 0.0000000000E+00 0.0000000000E+00 0.0000000000E+00 0.0000000000E+00 0.0000000000E+00 0.0000000000E+00 0.0000000000E+00 0.0000000000E+00 0.0000000000E+00 0.0000000000E+00 0.0000000000E+00 0.0000000000E+00
     8 2007 1.6116129032E+06 0.0000000000E+00 8.0580650000E+01 0.0000000000E+00 4.8348387000E+02 2.4174194000E+02 0.0000000000E+00 0.0000000000E+00 0.0000000000E+00 0.0000000000E+00 0.0000000000E+00 0.0000000000E+00 0.0000000000E+00 0.0000000000E+00 0.0000000000E+00 0.0000000000E+00 0.0000000000E+00 0.0000000000E+00
     9 2007 2.7970000000E+06 0.0000000000E+00 1.3985000000E+02 0.0000000000E+00 8.3910000000E+02 4.1955000000E+02 0.0000000000E+00 0.0000000000E+00 0.0000000000E+00 0.0000000000E+00 0.0000000000E+00 0.0000000000E+00 0.0000000000E+00 0.0000000000E+00 0.0000000000E+00 0.0000000000E+00 0.0000000000E+00 0.0000000000E+00
    10 2007 7.2516129032E+05 0.0000000000E+00 3.6258060000E+01 0.0000000000E+00 2.1754839000E+02 1.0877419000E+02 0.0000000000E+00 0.0000000000E+00 0.0000000000E+00 0.0000000000E+00 0.0000000000E+00 0.0000000000E+00 0.0000000000E+00 0.0000000000E+00 0.0000000000E+00 0.0000000000E+00 0.0000000000E+00 0.0000000000E+00
    11 2007 4.2100000000E+05 0.0000000000E+00 2.1050000000E+01 0.0000000000E+00 1.2630000000E+02 6.3150000000E+01 0.0000000000E+00 0.0000000000E+00 0.0000000000E+00 0.0000000000E+00 0.0000000000E+00 0.0000000000E+00 0.0000000000E+00 0.0000000000E+00 0.0000000000E+00 0.0000000000E+00 0.0000000000E+00 0.0000000000E+00
    12 2007 3.2548387097E+05 0.0000000000E+00 1.6274190000E+01 0.0000000000E+00 9.7645160000E+01 4.8822580000E+01 0.0000000000E+00 0.0000000000E+00 0.0000000000E+00 0.0000000000E+00 0.0000000000E+00 0.0000000000E+00 0.0000000000E+00 0.0000000000E+00 0.0000000000E+00 0.0000000000E+00 0.0000000000E+00 0.0000000000E+00
     1 2008 3.6483870968E+05 0.0000000000E+00 1.8241940000E+01 0.0000000000E+00 1.0945161000E+02 5.4725810000E+01 0.0000000000E+00 0.0000000000E+00 0.0000000000E+00 0.0000000000E+00 0.0000000000E+00 0.0000000000E+00 0.0000000000E+00 0.0000000000E+00 0.0000000000E+00 0.0000000000E+00 0.0000000000E+00 0.0000000000E+00
     2 2008 3.5034482759E+05 0.0000000000E+00 1.7517240000E+01 0.0000000000E+00 1.0510345000E+02 5.2551720000E+01 0.0000000000E+00 0.0000000000E+00 0.0000000000E+00 0.0000000000E+00 0.0000000000E+00 0.0000000000E+00 0.0000000000E+00 0.0000000000E+00 0.0000000000E+00 0.0000000000E+00 0.0000000000E+00 0.0000000000E+00
     3 2008 4.1290322581E+05 0.0000000000E+00 2.0645160000E+01 0.0000000000E+00 1.2387097000E+02 6.1935480000E+01 0.0000000000E+00 0.0000000000E+00 0.0000000000E+00 0.0000000000E+00 0.0000000000E+00 0.0000000000E+00 0.0000000000E+00 0.0000000000E+00 0.0000000000E+00 0.0000000000E+00 0.0000000000E+00 0.0000000000E+00
     4 2008 5.7466666667E+05 0.0000000000E+00 2.8733330000E+01 0.0000000000E+00 1.7240000000E+02 8.6200000000E+01 0.0000000000E+00 0.0000000000E+00 0.0000000000E+00 0.0000000000E+00 0.0000000000E+00 0.0000000000E+00 0.0000000000E+00 0.0000000000E+00 0.0000000000E+00 0.0000000000E+00 0.0000000000E+00 0.0000000000E+00
     5 2008 7.9322580645E+05 0.0000000000E+00 3.9661290000E+01 0.0000000000E+00 2.3796774000E+02 1.1898387000E+02 0.0000000000E+00 0.0000000000E+00 0.0000000000E+00 0.0000000000E+00 0.0000000000E+00 0.0000000000E+00 0.0000000000E+00 0.0000000000E+00 0.0000000000E+00 0.0000000000E+00 0.0000000000E+00 0.0000000000E+00
     6 2008 1.9566666667E+06 0.0000000000E+00 9.7833330000E+01 0.0000000000E+00 5.8700000000E+02 2.9350000000E+02 0.0000000000E+00 0.0000000000E+00 0.0000000000E+00 0.0000000000E+00 0.0000000000E+00 0.0000000000E+00 0.0000000000E+00 0.0000000000E+00 0.0000000000E+00 0.0000000000E+00 0.0000000000E+00 0.0000000000E+00
     7 2008 1.7783870968E+06 0.0000000000E+00 8.8919350000E+01 0.0000000000E+00 5.3351613000E+02 2.6675806000E+02 0.0000000000E+00 0.0000000000E+00 0.0000000000E+00 0.0000000000E+00 0.0000000000E+00 0.0000000000E+00 0.0000000000E+00 0.0000000000E+00 0.0000000000E+00 0.0000000000E+00 0.0000000000E+00 0.0000000000E+00
     8 2008 1.7896774194E+06 0.0000000000E+00 8.9483870000E+01 0.0000000000E+00 5.3690323000E+02 2.6845161000E+02 0.0000000000E+00 0.0000000000E+00 0.0000000000E+00 0.0000000000E+00 0.0000000000E+00 0.0000000000E+00 0.0000000000E+00 0.0000000000E+00 0.0000000000E+00 0.0000000000E+00 0.0000000000E+00 0.0000000000E+00
     9 2008 9.6500000000E+05 0.0000000000E+00 4.8250000000E+01 0.0000000000E+00 2.8950000000E+02 1.4475000000E+02 0.0000000000E+00 0.0000000000E+00 0.0000000000E+00 0.0000000000E+00 0.0000000000E+00 0.0000000000E+00 0.0000000000E+00 0.0000000000E+00 0.0000000000E+00 0.0000000000E+00 0.0000000000E+00 0.0000000000E+00
    10 2008 9.3000000000E+05 0.0000000000E+00 4.6500000000E+01 0.0000000000E+00 2.7900000000E+02 1.3950000000E+02 0.0000000000E+00 0.0000000000E+00 0.0000000000E+00 0.0000000000E+00 0.0000000000E+00 0.0000000000E+00 0.0000000000E+00 0.0000000000E+00 0.0000000000E+00 0.0000000000E+00 0.0000000000E+00 0.0000000000E+00
    11 2008 7.9733333333E+05 0.0000000000E+00 3.9866670000E+01 0.0000000000E+00 2.3920000000E+02 1.1960000000E+02 0.0000000000E+00 0.0000000000E+00 0.0000000000E+00 0.0000000000E+00 0.0000000000E+00 0.0000000000E+00 0.0000000000E+00 0.0000000000E+00 0.0000000000E+00 0.0000000000E+00 0.0000000000E+00 0.0000000000E+00
    12 2008 5.4387096774E+05 0.0000000000E+00 2.7193550000E+01 0.0000000000E+00 1.6316129000E+02 8.1580650000E+01 0.0000000000E+00 0.0000000000E+00 0.0000000000E+00 0.0000000000E+00 0.0000000000E+00 0.0000000000E+00 0.0000000000E+00 0.0000000000E+00 0.0000000000E+00 0.0000000000E+00 0.0000000000E+00 0.0000000000E+00
     1 2009 2.4580645161E+05 0.0000000000E+00 1.2290320000E+01 0.0000000000E+00 7.3741940000E+01 3.6870970000E+01 0.0000000000E+00 0.0000000000E+00 0.0000000000E+00 0.0000000000E+00 0.0000000000E+00 0.0000000000E+00 0.0000000000E+00 0.0000000000E+00 0.0000000000E+00 0.0000000000E+00 0.0000000000E+00 0.0000000000E+00
     2 2009 1.8428571429E+05 0.0000000000E+00 9.2142900000E+00 0.0000000000E+00 5.5285710000E+01 2.7642860000E+01 0.0000000000E+00 0.0000000000E+00 0.0000000000E+00 0.0000000000E+00 0.0000000000E+00 0.0000000000E+00 0.0000000000E+00 0.0000000000E+00 0.0000000000E+00 0.0000000000E+00 0.0000000000E+00 0.0000000000E+00
     3 2009 1.5387096774E+05 0.0000000000E+00 7.6935500000E+00 0.0000000000E+00 4.6161290000E+01 2.3080650000E+01 0.0000000000E+00 0.0000000000E+00 0.0000000000E+00 0.0000000000E+00 0.0000000000E+00 0.0000000000E+00 0.0000000000E+00 0.0000000000E+00 0.0000000000E+00 0.0000000000E+00 0.0000000000E+00 0.0000000000E+00
     4 2009 3.4666666667E+05 0.0000000000E+00 1.7333330000E+01 0.0000000000E+00 1.0400000000E+02 5.2000000000E+01 0.0000000000E+00 0.0000000000E+00 0.0000000000E+00 0.0000000000E+00 0.0000000000E+00 0.0000000000E+00 0.0000000000E+00 0.0000000000E+00 0.0000000000E+00 0.0000000000E+00 0.0000000000E+00 0.0000000000E+00
     5 2009 4.8967741935E+05 0.0000000000E+00 2.4483870000E+01 0.0000000000E+00 1.4690323000E+02 7.3451610000E+01 0.0000000000E+00 0.0000000000E+00 0.0000000000E+00 0.0000000000E+00 0.0000000000E+00 0.0000000000E+00 0.0000000000E+00 0.0000000000E+00 0.0000000000E+00 0.0000000000E+00 0.0000000000E+00 0.0000000000E+00
     6 2009 8.2033333333E+05 0.0000000000E+00 4.1016670000E+01 0.0000000000E+00 2.4610000000E+02 1.2305000000E+02 0.0000000000E+00 0.0000000000E+00 0.0000000000E+00 0.0000000000E+00 0.0000000000E+00 0.0000000000E+00 0.0000000000E+00 0.0000000000E+00 0.0000000000E+00 0.0000000000E+00 0.0000000000E+00 0.0000000000E+00
     7 2009 2.0006451613E+06 0.0000000000E+00 1.0003226000E+02 0.0000000000E+00 6.0019355000E+02 3.0009677000E+02 0.0000000000E+00 0.0000000000E+00 0.0000000000E+00 0.0000000000E+00 0.0000000000E+00 0.0000000000E+00 0.0000000000E+00 0.0000000000E+00 0.0000000000E+00 0.0000000000E+00 0.0000000000E+00 0.0000000000E+00
     8 2009 1.3664516129E+06 0.0000000000E+00 6.8322580000E+01 0.0000000000E+00 4.0993548000E+02 2.0496774000E+02 0.0000000000E+00 0.0000000000E+00 0.0000000000E+00 0.0000000000E+00 0.0000000000E+00 0.0000000000E+00 0.0000000000E+00 0.0000000000E+00 0.0000000000E+00 0.0000000000E+00 0.0000000000E+00 0.0000000000E+00
     9 2009 7.9033333333E+05 0.0000000000E+00 3.9516670000E+01 0.0000000000E+00 2.3710000000E+02 1.1855000000E+02 0.0000000000E+00 0.0000000000E+00 0.0000000000E+00 0.0000000000E+00 0.0000000000E+00 0.0000000000E+00 0.0000000000E+00 0.0000000000E+00 0.0000000000E+00 0.0000000000E+00 0.0000000000E+00 0.0000000000E+00
    10 2009 5.0548387097E+05 0.0000000000E+00 2.5274190000E+01 0.0000000000E+00 1.5164516000E+02 7.5822580000E+01 0.0000000000E+00 0.0000000000E+00 0.0000000000E+00 0.0000000000E+00 0.0000000000E+00 0.0000000000E+00 0.0000000000E+00 0.0000000000E+00 0.0000000000E+00 0.0000000000E+00 0.0000000000E+00 0.0000000000E+00
    11 2009 6.1700000000E+05 0.0000000000E+00 3.0850000000E+01 0.0000000000E+00 1.8510000000E+02 9.2550000000E+01 0.0000000000E+00 0.0000000000E+00 0.0000000000E+00 0.0000000000E+00 0.0000000000E+00 0.0000000000E+00 0.0000000000E+00 0.0000000000E+00 0.0000000000E+00 0.0000000000E+00 0.0000000000E+00 0.0000000000E+00
    12 2009 2.8548387097E+05 0.0000000000E+00 1.4274190000E+01 0.0000000000E+00 8.5645160000E+01 4.2822580000E+01 0.0000000000E+00 0.0000000000E+00 0.0000000000E+00 0.0000000000E+00 0.0000000000E+00 0.0000000000E+00 0.0000000000E+00 0.0000000000E+00 0.0000000000E+00 0.0000000000E+00 0.0000000000E+00 0.0000000000E+00
     1 2010 3.3225806452E+05 0.0000000000E+00 1.6612900000E+01 0.0000000000E+00 9.9677420000E+01 4.9838710000E+01 0.0000000000E+00 0.0000000000E+00 0.0000000000E+00 0.0000000000E+00 0.0000000000E+00 0.0000000000E+00 0.0000000000E+00 0.0000000000E+00 0.0000000000E+00 0.0000000000E+00 0.0000000000E+00 0.0000000000E+00
     2 2010 3.3642857143E+05 0.0000000000E+00 1.6821430000E+01 0.0000000000E+00 1.0092857000E+02 5.0464290000E+01 0.0000000000E+00 0.0000000000E+00 0.0000000000E+00 0.0000000000E+00 0.0000000000E+00 0.0000000000E+00 0.0000000000E+00 0.0000000000E+00 0.0000000000E+00 0.0000000000E+00 0.0000000000E+00 0.0000000000E+00
     3 2010 9.9258064516E+05 0.0000000000E+00 4.9629030000E+01 0.0000000000E+00 2.9777419000E+02 1.4888710000E+02 0.0000000000E+00 0.0000000000E+00 0.0000000000E+00 0.0000000000E+00 0.0000000000E+00 0.0000000000E+00 0.0000000000E+00 0.0000000000E+00 0.0000000000E+00 0.0000000000E+00 0.0000000000E+00 0.0000000000E+00
     4 2010 1.8080000000E+06 0.0000000000E+00 9.0400000000E+01 0.0000000000E+00 5.4240000000E+02 2.7120000000E+02 0.0000000000E+00 0.0000000000E+00 0.0000000000E+00 0.0000000000E+00 0.0000000000E+00 0.0000000000E+00 0.0000000000E+00 0.0000000000E+00 0.0000000000E+00 0.0000000000E+00 0.0000000000E+00 0.0000000000E+00
     5 2010 1.3409677419E+06 0.0000000000E+00 6.7048390000E+01 0.0000000000E+00 4.0229032000E+02 2.0114516000E+02 0.0000000000E+00 0.0000000000E+00 0.0000000000E+00 0.0000000000E+00 0.0000000000E+00 0.0000000000E+00 0.0000000000E+00 0.0000000000E+00 0.0000000000E+00 0.0000000000E+00 0.0000000000E+00 0.0000000000E+00
     6 2010 1.8866666667E+06 0.0000000000E+00 9.4333330000E+01 0.0000000000E+00 5.6600000000E+02 2.8300000000E+02 0.0000000000E+00 0.0000000000E+00 0.0000000000E+00 0.0000000000E+00 0.0000000000E+00 0.0000000000E+00 0.0000000000E+00 0.0000000000E+00 0.0000000000E+00 0.0000000000E+00 0.0000000000E+00 0.0000000000E+00
     7 2010 2.4416129032E+06 0.0000000000E+00 1.2208065000E+02 0.0000000000E+00 7.3248387000E+02 3.6624194000E+02 0.0000000000E+00 0.0000000000E+00 0.0000000000E+00 0.0000000000E+00 0.0000000000E+00 0.0000000000E+00 0.0000000000E+00 0.0000000000E+00 0.0000000000E+00 0.0000000000E+00 0.0000000000E+00 0.0000000000E+00
     8 2010 1.9419354839E+06 0.0000000000E+00 9.7096770000E+01 0.0000000000E+00 5.8258065000E+02 2.9129032000E+02 0.0000000000E+00 0.0000000000E+00 0.0000000000E+00 0.0000000000E+00 0.0000000000E+00 0.0000000000E+00 0.0000000000E+00 0.0000000000E+00 0.0000000000E+00 0.0000000000E+00 0.0000000000E+00 0.0000000000E+00
     9 2010 2.0083333333E+06 0.0000000000E+00 1.0041667000E+02 0.0000000000E+00 6.0250000000E+02 3.0125000000E+02 0.0000000000E+00 0.0000000000E+00 0.0000000000E+00 0.0000000000E+00 0.0000000000E+00 0.0000000000E+00 0.0000000000E+00 0.0000000000E+00 0.0000000000E+00 0.0000000000E+00 0.0000000000E+00 0.0000000000E+00
    10 2010 2.0793548387E+06 0.0000000000E+00 1.0396774000E+02 0.0000000000E+00 6.2380645000E+02 3.1190323000E+02 0.0000000000E+00 0.0000000000E+00 0.0000000000E+00 0.0000000000E+00 0.0000000000E+00 0.0000000000E+00 0.0000000000E+00 0.0000000000E+00 0.0000000000E+00 0.0000000000E+00 0.0000000000E+00 0.0000000000E+00
    11 2010 7.4100000000E+05 0.0000000000E+00 3.7050000000E+01 0.0000000000E+00 2.2230000000E+02 1.1115000000E+02 0.0000000000E+00 0.0000000000E+00 0.0000000000E+00 0.0000000000E+00 0.0000000000E+00 0.0000000000E+00 0.0000000000E+00 0.0000000000E+00 0.0000000000E+00 0.0000000000E+00 0.0000000000E+00 0.0000000000E+00
    12 2010 6.1129032258E+05 0.0000000000E+00 3.0564520000E+01 0.0000000000E+00 1.8338710000E+02 9.1693550000E+01 0.0000000000E+00 0.0000000000E+00 0.0000000000E+00 0.0000000000E+00 0.0000000000E+00 0.0000000000E+00 0.0000000000E+00 0.0000000000E+00 0.0000000000E+00 0.0000000000E+00 0.0000000000E+00 0.0000000000E+00
     1 2011 7.1612903226E+05 0.0000000000E+00 1.3016130000E+01 0.0000000000E+00 7.8096770000E+01 3.9048390000E+01 0.0000000000E+00 0.0000000000E+00 0.0000000000E+00 0.0000000000E+00 0.0000000000E+00 0.0000000000E+00 0.0000000000E+00 0.0000000000E+00 0.0000000000E+00 0.0000000000E+00 0.0000000000E+00 0.0000000000E+00
     2 2011 1.4021428571E+06 0.0000000000E+00 2.4568970000E+01 0.0000000000E+00 1.4741379000E+02 7.3706900000E+01 0.0000000000E+00 0.0000000000E+00 0.0000000000E+00 0.0000000000E+00 0.0000000000E+00 0.0000000000E+00 0.0000000000E+00 0.0000000000E+00 0.0000000000E+00 0.0000000000E+00 0.0000000000E+00 0.0000000000E+00
     3 2011 1.1580645161E+05 0.0000000000E+00 4.6241940000E+01 0.0000000000E+00 2.7745161000E+02 1.3872581000E+02 0.0000000000E+00 0.0000000000E+00 0.0000000000E+00 0.0000000000E+00 0.0000000000E+00 0.0000000000E+00 0.0000000000E+00 0.0000000000E+00 0.0000000000E+00 0.0000000000E+00 0.0000000000E+00 0.0000000000E+00
     4 2011 5.1266666667E+05 0.0000000000E+00 1.8816670000E+01 0.0000000000E+00 1.1290000000E+02 5.6450000000E+01 0.0000000000E+00 0.0000000000E+00 0.0000000000E+00 0.0000000000E+00 0.0000000000E+00 0.0000000000E+00 0.0000000000E+00 0.0000000000E+00 0.0000000000E+00 0.0000000000E+00 0.0000000000E+00 0.0000000000E+00
     5 2011 1.2348387097E+06 0.0000000000E+00 3.2032260000E+01 0.0000000000E+00 1.9219355000E+02 9.6096770000E+01 0.0000000000E+00 0.0000000000E+00 0.0000000000E+00 0.0000000000E+00 0.0000000000E+00 0.0000000000E+00 0.0000000000E+00 0.0000000000E+00 0.0000000000E+00 0.0000000000E+00 0.0000000000E+00 0.0000000000E+00
     6 2011 7.9366666667E+05 0.0000000000E+00 5.2250000000E+01 0.0000000000E+00 3.1350000000E+02 1.5675000000E+02 0.0000000000E+00 0.0000000000E+00 0.0000000000E+00 0.0000000000E+00 0.0000000000E+00 0.0000000000E+00 0.0000000000E+00 0.0000000000E+00 0.0000000000E+00 0.0000000000E+00 0.0000000000E+00 0.0000000000E+00
     7 2011 1.1300000000E+06 0.0000000000E+00 5.8483870000E+01 0.0000000000E+00 3.5090323000E+02 1.7545161000E+02 0.0000000000E+00 0.0000000000E+00 0.0000000000E+00 0.0000000000E+00 0.0000000000E+00 0.0000000000E+00 0.0000000000E+00 0.0000000000E+00 0.0000000000E+00 0.0000000000E+00 0.0000000000E+00 0.0000000000E+00
     8 2011 1.9554838710E+06 0.0000000000E+00 4.0145160000E+01 0.0000000000E+00 2.4087097000E+02 1.2043548000E+02 0.0000000000E+00 0.0000000000E+00 0.0000000000E+00 0.0000000000E+00 0.0000000000E+00 0.0000000000E+00 0.0000000000E+00 0.0000000000E+00 0.0000000000E+00 0.0000000000E+00 0.0000000000E+00 0.0000000000E+00
     9 2011 1.4713333333E+06 0.0000000000E+00 2.1883330000E+01 0.0000000000E+00 1.3130000000E+02 6.5650000000E+01 0.0000000000E+00 0.0000000000E+00 0.0000000000E+00 0.0000000000E+00 0.0000000000E+00 0.0000000000E+00 0.0000000000E+00 0.0000000000E+00 0.0000000000E+00 0.0000000000E+00 0.0000000000E+00 0.0000000000E+00
    10 2011 7.1709677419E+05 0.0000000000E+00 2.3258060000E+01 0.0000000000E+00 1.3954839000E+02 6.9774190000E+01 0.0000000000E+00 0.0000000000E+00 0.0000000000E+00 0.0000000000E+00 0.0000000000E+00 0.0000000000E+00 0.0000000000E+00 0.0000000000E+00 0.0000000000E+00 0.0000000000E+00 0.0000000000E+00 0.0000000000E+00
    11 2011 9.4466666667E+05 0.0000000000E+00 3.7250000000E+01 0.0000000000E+00 2.2350000000E+02 1.1175000000E+02 0.0000000000E+00 0.0000000000E+00 0.0000000000E+00 0.0000000000E+00 0.0000000000E+00 0.0000000000E+00 0.0000000000E+00 0.0000000000E+00 0.0000000000E+00 0.0000000000E+00 0.0000000000E+00 0.0000000000E+00
    12 2011 6.1483870968E+05 0.0000000000E+00 2.5790320000E+01 0.0000000000E+00 1.5474194000E+02 7.7370970000E+01 0.0000000000E+00 0.0000000000E+00 0.0000000000E+00 0.0000000000E+00 0.0000000000E+00 0.0000000000E+00 0.0000000000E+00 0.0000000000E+00 0.0000000000E+00 0.0000000000E+00 0.0000000000E+00 0.0000000000E+00
     1 2012 6.7903225807E+05 0.0000000000E+00 5.3467740000E+01 0.0000000000E+00 3.2080645000E+02 1.6040323000E+02 0.0000000000E+00 0.0000000000E+00 0.0000000000E+00 0.0000000000E+00 0.0000000000E+00 0.0000000000E+00 0.0000000000E+00 0.0000000000E+00 0.0000000000E+00 0.0000000000E+00 0.0000000000E+00 0.0000000000E+00
     2 2012 6.4103448276E+05 0.0000000000E+00 3.1446430000E+01 0.0000000000E+00 1.8867857000E+02 9.4339290000E+01 0.0000000000E+00 0.0000000000E+00 0.0000000000E+00 0.0000000000E+00 0.0000000000E+00 0.0000000000E+00 0.0000000000E+00 0.0000000000E+00 0.0000000000E+00 0.0000000000E+00 0.0000000000E+00 0.0000000000E+00
     3 2012 1.3196774194E+06 0.0000000000E+00 2.8677420000E+01 0.0000000000E+00 1.7206452000E+02 8.6032260000E+01 0.0000000000E+00 0.0000000000E+00 0.0000000000E+00 0.0000000000E+00 0.0000000000E+00 0.0000000000E+00 0.0000000000E+00 0.0000000000E+00 0.0000000000E+00 0.0000000000E+00 0.0000000000E+00 0.0000000000E+00
     4 2012 7.8266666667E+05 0.0000000000E+00 2.1100000000E+01 0.0000000000E+00 1.2660000000E+02 6.3300000000E+01 0.0000000000E+00 0.0000000000E+00 0.0000000000E+00 0.0000000000E+00 0.0000000000E+00 0.0000000000E+00 0.0000000000E+00 0.0000000000E+00 0.0000000000E+00 0.0000000000E+00 0.0000000000E+00 0.0000000000E+00
     5 2012 2.0548387097E+06 0.0000000000E+00 2.9370970000E+01 0.0000000000E+00 1.7622581000E+02 8.8112900000E+01 0.0000000000E+00 0.0000000000E+00 0.0000000000E+00 0.0000000000E+00 0.0000000000E+00 0.0000000000E+00 0.0000000000E+00 0.0000000000E+00 0.0000000000E+00 0.0000000000E+00 0.0000000000E+00 0.0000000000E+00
     6 2012 2.4970000000E+06 0.0000000000E+00 2.4483330000E+01 0.0000000000E+00 1.4690000000E+02 7.3450000000E+01 0.0000000000E+00 0.0000000000E+00 0.0000000000E+00 0.0000000000E+00 0.0000000000E+00 0.0000000000E+00 0.0000000000E+00 0.0000000000E+00 0.0000000000E+00 0.0000000000E+00 0.0000000000E+00 0.0000000000E+00
     7 2012 1.7974193548E+06 0.0000000000E+00 5.4209680000E+01 0.0000000000E+00 3.2525806000E+02 1.6262903000E+02 0.0000000000E+00 0.0000000000E+00 0.0000000000E+00 0.0000000000E+00 0.0000000000E+00 0.0000000000E+00 0.0000000000E+00 0.0000000000E+00 0.0000000000E+00 0.0000000000E+00 0.0000000000E+00 0.0000000000E+00
     8 2012 2.0270967742E+06 0.0000000000E+00 6.0564520000E+01 0.0000000000E+00 3.6338710000E+02 1.8169355000E+02 0.0000000000E+00 0.0000000000E+00 0.0000000000E+00 0.0000000000E+00 0.0000000000E+00 0.0000000000E+00 0.0000000000E+00 0.0000000000E+00 0.0000000000E+00 0.0000000000E+00 0.0000000000E+00 0.0000000000E+00
     9 2012 1.5670000000E+06 0.0000000000E+00 5.4716670000E+01 0.0000000000E+00 3.2830000000E+02 1.6415000000E+02 0.0000000000E+00 0.0000000000E+00 0.0000000000E+00 0.0000000000E+00 0.0000000000E+00 0.0000000000E+00 0.0000000000E+00 0.0000000000E+00 0.0000000000E+00 0.0000000000E+00 0.0000000000E+00 0.0000000000E+00
    10 2012 5.1483870968E+05 0.0000000000E+00 3.3290320000E+01 0.0000000000E+00 1.9974194000E+02 9.9870970000E+01 0.0000000000E+00 0.0000000000E+00 0.0000000000E+00 0.0000000000E+00 0.0000000000E+00 0.0000000000E+00 0.0000000000E+00 0.0000000000E+00 0.0000000000E+00 0.0000000000E+00 0.0000000000E+00 0.0000000000E+00
    11 2012 4.6366666667E+05 0.0000000000E+00 3.2516670000E+01 0.0000000000E+00 1.9510000000E+02 9.7550000000E+01 0.0000000000E+00 0.0000000000E+00 0.0000000000E+00 0.0000000000E+00 0.0000000000E+00 0.0000000000E+00 0.0000000000E+00 0.0000000000E+00 0.0000000000E+00 0.0000000000E+00 0.0000000000E+00 0.0000000000E+00
    12 2012 6.9322580645E+05 0.0000000000E+00 3.2322580000E+01 0.0000000000E+00 1.9393548000E+02 9.6967740000E+01 0.0000000000E+00 0.0000000000E+00 0.0000000000E+00 0.0000000000E+00 0.0000000000E+00 0.0000000000E+00 0.0000000000E+00 0.0000000000E+00 0.0000000000E+00 0.0000000000E+00 0.0000000000E+00 0.0000000000E+00
     1 2013 1.3438709677E+06 0.0000000000E+00 3.1612900000E+01 0.0000000000E+00 1.8967742000E+02 9.4838710000E+01 0.0000000000E+00 0.0000000000E+00 0.0000000000E+00 0.0000000000E+00 0.0000000000E+00 0.0000000000E+00 0.0000000000E+00 0.0000000000E+00 0.0000000000E+00 0.0000000000E+00 0.0000000000E+00 0.0000000000E+00
     2 2013 4.0642857143E+05 0.0000000000E+00 2.1946430000E+01 0.0000000000E+00 1.3167857000E+02 6.5839290000E+01 0.0000000000E+00 0.0000000000E+00 0.0000000000E+00 0.0000000000E+00 0.0000000000E+00 0.0000000000E+00 0.0000000000E+00 0.0000000000E+00 0.0000000000E+00 0.0000000000E+00 0.0000000000E+00 0.0000000000E+00
     3 2013 4.1967741936E+05 0.0000000000E+00 7.6822580000E+01 0.0000000000E+00 4.6093548000E+02 2.3046774000E+02 0.0000000000E+00 0.0000000000E+00 0.0000000000E+00 0.0000000000E+00 0.0000000000E+00 0.0000000000E+00 0.0000000000E+00 0.0000000000E+00 0.0000000000E+00 0.0000000000E+00 0.0000000000E+00 0.0000000000E+00
     4 2013 4.8200000000E+05 0.0000000000E+00 9.3766670000E+01 0.0000000000E+00 5.6260000000E+02 2.8130000000E+02 0.0000000000E+00 0.0000000000E+00 0.0000000000E+00 0.0000000000E+00 0.0000000000E+00 0.0000000000E+00 0.0000000000E+00 0.0000000000E+00 0.0000000000E+00 0.0000000000E+00 0.0000000000E+00 0.0000000000E+00
     5 2013 1.4422580645E+06 0.0000000000E+00 8.0870970000E+01 0.0000000000E+00 4.8522581000E+02 2.4261290000E+02 0.0000000000E+00 0.0000000000E+00 0.0000000000E+00 0.0000000000E+00 0.0000000000E+00 0.0000000000E+00 0.0000000000E+00 0.0000000000E+00 0.0000000000E+00 0.0000000000E+00 0.0000000000E+00 0.0000000000E+00
     6 2013 2.1306666667E+06 0.0000000000E+00 8.7483330000E+01 0.0000000000E+00 5.2490000000E+02 2.6245000000E+02 0.0000000000E+00 0.0000000000E+00 0.0000000000E+00 0.0000000000E+00 0.0000000000E+00 0.0000000000E+00 0.0000000000E+00 0.0000000000E+00 0.0000000000E+00 0.0000000000E+00 0.0000000000E+00 0.0000000000E+00
     7 2013 1.6932258065E+06 0.0000000000E+00 9.2096770000E+01 0.0000000000E+00 5.5258065000E+02 2.7629032000E+02 0.0000000000E+00 0.0000000000E+00 0.0000000000E+00 0.0000000000E+00 0.0000000000E+00 0.0000000000E+00 0.0000000000E+00 0.0000000000E+00 0.0000000000E+00 0.0000000000E+00 0.0000000000E+00 0.0000000000E+00
     8 2013 1.5106451613E+06 0.0000000000E+00 5.2306450000E+01 0.0000000000E+00 3.1383871000E+02 1.5691935000E+02 0.0000000000E+00 0.0000000000E+00 0.0000000000E+00 0.0000000000E+00 0.0000000000E+00 0.0000000000E+00 0.0000000000E+00 0.0000000000E+00 0.0000000000E+00 0.0000000000E+00 0.0000000000E+00 0.0000000000E+00
     9 2013 2.5876666667E+06 0.0000000000E+00 7.2166670000E+01 0.0000000000E+00 4.3300000000E+02 2.1650000000E+02 0.0000000000E+00 0.0000000000E+00 0.0000000000E+00 0.0000000000E+00 0.0000000000E+00 0.0000000000E+00 0.0000000000E+00 0.0000000000E+00 0.0000000000E+00 0.0000000000E+00 0.0000000000E+00 0.0000000000E+00
    10 2013 4.2032258065E+05 0.0000000000E+00 3.6258060000E+01 0.0000000000E+00 2.1754839000E+02 1.0877419000E+02 0.0000000000E+00 0.0000000000E+00 0.0000000000E+00 0.0000000000E+00 0.0000000000E+00 0.0000000000E+00 0.0000000000E+00 0.0000000000E+00 0.0000000000E+00 0.0000000000E+00 0.0000000000E+00 0.0000000000E+00
    11 2013 4.2600000000E+05 0.0000000000E+00 2.7933330000E+01 0.0000000000E+00 1.6760000000E+02 8.3800000000E+01 0.0000000000E+00 0.0000000000E+00 0.0000000000E+00 0.0000000000E+00 0.0000000000E+00 0.0000000000E+00 0.0000000000E+00 0.0000000000E+00 0.0000000000E+00 0.0000000000E+00 0.0000000000E+00 0.0000000000E+00
    12 2013 3.2258064516E+05 0.0000000000E+00 3.2306450000E+01 0.0000000000E+00 1.9383871000E+02 9.6919350000E+01 0.0000000000E+00 0.0000000000E+00 0.0000000000E+00 0.0000000000E+00 0.0000000000E+00 0.0000000000E+00 0.0000000000E+00 0.0000000000E+00 0.0000000000E+00 0.0000000000E+00 0.0000000000E+00 0.0000000000E+00
     1 2014 5.5741935484E+05 0.0000000000E+00 2.5806450000E+01 0.0000000000E+00 1.5483871000E+02 7.7419350000E+01 0.0000000000E+00 0.0000000000E+00 0.0000000000E+00 0.0000000000E+00 0.0000000000E+00 0.0000000000E+00 0.0000000000E+00 0.0000000000E+00 0.0000000000E+00 0.0000000000E+00 0.0000000000E+00 0.0000000000E+00
     2 2014 4.1178571429E+05 0.0000000000E+00 2.7357140000E+01 0.0000000000E+00 1.6414286000E+02 8.2071430000E+01 0.0000000000E+00 0.0000000000E+00 0.0000000000E+00 0.0000000000E+00 0.0000000000E+00 0.0000000000E+00 0.0000000000E+00 0.0000000000E+00 0.0000000000E+00 0.0000000000E+00 0.0000000000E+00 0.0000000000E+00
     3 2014 4.5290322581E+05 0.0000000000E+00 2.4629030000E+01 0.0000000000E+00 1.4777419000E+02 7.3887100000E+01 0.0000000000E+00 0.0000000000E+00 0.0000000000E+00 0.0000000000E+00 0.0000000000E+00 0.0000000000E+00 0.0000000000E+00 0.0000000000E+00 0.0000000000E+00 0.0000000000E+00 0.0000000000E+00 0.0000000000E+00
     4 2014 6.1333333333E+05 0.0000000000E+00 5.8883330000E+01 0.0000000000E+00 3.5330000000E+02 1.7665000000E+02 0.0000000000E+00 0.0000000000E+00 0.0000000000E+00 0.0000000000E+00 0.0000000000E+00 0.0000000000E+00 0.0000000000E+00 0.0000000000E+00 0.0000000000E+00 0.0000000000E+00 0.0000000000E+00 0.0000000000E+00
     5 2014 9.6000000000E+05 0.0000000000E+00 5.5129030000E+01 0.0000000000E+00 3.3077419000E+02 1.6538710000E+02 0.0000000000E+00 0.0000000000E+00 0.0000000000E+00 0.0000000000E+00 0.0000000000E+00 0.0000000000E+00 0.0000000000E+00 0.0000000000E+00 0.0000000000E+00 0.0000000000E+00 0.0000000000E+00 0.0000000000E+00
     6 2014 2.0733333333E+06 0.0000000000E+00 1.1558333000E+02 0.0000000000E+00 6.9350000000E+02 3.4675000000E+02 0.0000000000E+00 0.0000000000E+00 0.0000000000E+00 0.0000000000E+00 0.0000000000E+00 0.0000000000E+00 0.0000000000E+00 0.0000000000E+00 0.0000000000E+00 0.0000000000E+00 0.0000000000E+00 0.0000000000E+00
     7 2014 2.1861290323E+06 0.0000000000E+00 8.6645160000E+01 0.0000000000E+00 5.1987097000E+02 2.5993548000E+02 0.0000000000E+00 0.0000000000E+00 0.0000000000E+00 0.0000000000E+00 0.0000000000E+00 0.0000000000E+00 0.0000000000E+00 0.0000000000E+00 0.0000000000E+00 0.0000000000E+00 0.0000000000E+00 0.0000000000E+00
     8 2014 1.7593548387E+06 0.0000000000E+00 1.0119355000E+02 0.0000000000E+00 6.0716129000E+02 3.0358065000E+02 0.0000000000E+00 0.0000000000E+00 0.0000000000E+00 0.0000000000E+00 0.0000000000E+00 0.0000000000E+00 0.0000000000E+00 0.0000000000E+00 0.0000000000E+00 0.0000000000E+00 0.0000000000E+00 0.0000000000E+00
     9 2014 2.0960000000E+06 0.0000000000E+00 6.0250000000E+01 0.0000000000E+00 3.6150000000E+02 1.8075000000E+02 0.0000000000E+00 0.0000000000E+00 0.0000000000E+00 0.0000000000E+00 0.0000000000E+00 0.0000000000E+00 0.0000000000E+00 0.0000000000E+00 0.0000000000E+00 0.0000000000E+00 0.0000000000E+00 0.0000000000E+00
    10 2014 6.1580645161E+05 0.0000000000E+00 1.5677420000E+01 0.0000000000E+00 9.4064520000E+01 4.7032260000E+01 0.0000000000E+00 0.0000000000E+00 0.0000000000E+00 0.0000000000E+00 0.0000000000E+00 0.0000000000E+00 0.0000000000E+00 0.0000000000E+00 0.0000000000E+00 0.0000000000E+00 0.0000000000E+00 0.0000000000E+00
    11 2014 3.0366666667E+05 0.0000000000E+00 3.1366670000E+01 0.0000000000E+00 1.8820000000E+02 9.4100000000E+01 0.0000000000E+00 0.0000000000E+00 0.0000000000E+00 0.0000000000E+00 0.0000000000E+00 0.0000000000E+00 0.0000000000E+00 0.0000000000E+00 0.0000000000E+00 0.0000000000E+00 0.0000000000E+00 0.0000000000E+00
    12 2014 1.6548387097E+05 0.0000000000E+00 3.9629030000E+01 0.0000000000E+00 2.3777419000E+02 1.1888710000E+02 0.0000000000E+00 0.0000000000E+00 0.0000000000E+00 0.0000000000E+00 0.0000000000E+00 0.0000000000E+00 0.0000000000E+00 0.0000000000E+00 0.0000000000E+00 0.0000000000E+00 0.0000000000E+00 0.0000000000E+00
     1 2015 0.0000000000E+00 0.0000000000E+00 2.9629030000E+01 0.0000000000E+00 1.7777419000E+02 8.8887100000E+01 0.0000000000E+00 0.0000000000E+00 0.0000000000E+00 0.0000000000E+00 0.0000000000E+00 0.0000000000E+00 0.0000000000E+00 0.0000000000E+00 0.0000000000E+00 0.0000000000E+00 0.0000000000E+00 0.0000000000E+00
     2 2015 9.6714285714E+05 0.0000000000E+00 1.6258620000E+01 0.0000000000E+00 9.7551720000E+01 4.8775860000E+01 0.0000000000E+00 0.0000000000E+00 0.0000000000E+00 0.0000000000E+00 0.0000000000E+00 0.0000000000E+00 0.0000000000E+00 0.0000000000E+00 0.0000000000E+00 0.0000000000E+00 0.0000000000E+00 0.0000000000E+00
     3 2015 1.2903225807E+05 0.0000000000E+00 4.5209680000E+01 0.0000000000E+00 2.7125806000E+02 1.3562903000E+02 0.0000000000E+00 0.0000000000E+00 0.0000000000E+00 0.0000000000E+00 0.0000000000E+00 0.0000000000E+00 0.0000000000E+00 0.0000000000E+00 0.0000000000E+00 0.0000000000E+00 0.0000000000E+00 0.0000000000E+00
     4 2015 5.6433333333E+05 0.0000000000E+00 4.5816670000E+01 0.0000000000E+00 2.7490000000E+02 1.3745000000E+02 0.0000000000E+00 0.0000000000E+00 0.0000000000E+00 0.0000000000E+00 0.0000000000E+00 0.0000000000E+00 0.0000000000E+00 0.0000000000E+00 0.0000000000E+00 0.0000000000E+00 0.0000000000E+00 0.0000000000E+00
     5 2015 5.7161290323E+05 0.0000000000E+00 1.0120968000E+02 0.0000000000E+00 6.0725806000E+02 3.0362903000E+02 0.0000000000E+00 0.0000000000E+00 0.0000000000E+00 0.0000000000E+00 0.0000000000E+00 0.0000000000E+00 0.0000000000E+00 0.0000000000E+00 0.0000000000E+00 0.0000000000E+00 0.0000000000E+00 0.0000000000E+00
     6 2015 1.2040000000E+06 0.0000000000E+00 8.4983330000E+01 0.0000000000E+00 5.0990000000E+02 2.5495000000E+02 0.0000000000E+00 0.0000000000E+00 0.0000000000E+00 0.0000000000E+00 0.0000000000E+00 0.0000000000E+00 0.0000000000E+00 0.0000000000E+00 0.0000000000E+00 0.0000000000E+00 0.0000000000E+00 0.0000000000E+00
     7 2015 4.8903225807E+05 0.0000000000E+00 8.3903230000E+01 0.0000000000E+00 5.0341935000E+02 2.5170968000E+02 0.0000000000E+00 0.0000000000E+00 0.0000000000E+00 0.0000000000E+00 0.0000000000E+00 0.0000000000E+00 0.0000000000E+00 0.0000000000E+00 0.0000000000E+00 0.0000000000E+00 0.0000000000E+00 0.0000000000E+00
     8 2015 1.6612903226E+06 0.0000000000E+00 9.5758060000E+01 0.0000000000E+00 5.7454839000E+02 2.8727419000E+02 0.0000000000E+00 0.0000000000E+00 0.0000000000E+00 0.0000000000E+00 0.0000000000E+00 0.0000000000E+00 0.0000000000E+00 0.0000000000E+00 0.0000000000E+00 0.0000000000E+00 0.0000000000E+00 0.0000000000E+00
     9 2015 2.0830000000E+06 0.0000000000E+00 6.7050000000E+01 0.0000000000E+00 4.0230000000E+02 2.0115000000E+02 0.0000000000E+00 0.0000000000E+00 0.0000000000E+00 0.0000000000E+00 0.0000000000E+00 0.0000000000E+00 0.0000000000E+00 0.0000000000E+00 0.0000000000E+00 0.0000000000E+00 0.0000000000E+00 0.0000000000E+00
    10 2015 1.2600000000E+06 0.0000000000E+00 3.0387100000E+01 0.0000000000E+00 1.8232258000E+02 9.1161290000E+01 0.0000000000E+00 0.0000000000E+00 0.0000000000E+00 0.0000000000E+00 0.0000000000E+00 0.0000000000E+00 0.0000000000E+00 0.0000000000E+00 0.0000000000E+00 0.0000000000E+00 0.0000000000E+00 0.0000000000E+00
    11 2015 1.2193333333E+06 0.0000000000E+00 2.7266670000E+01 0.0000000000E+00 1.6360000000E+02 8.1800000000E+01 0.0000000000E+00 0.0000000000E+00 0.0000000000E+00 0.0000000000E+00 0.0000000000E+00 0.0000000000E+00 0.0000000000E+00 0.0000000000E+00 0.0000000000E+00 0.0000000000E+00 0.0000000000E+00 0.0000000000E+00
    12 2015 9.3225806452E+04 0.0000000000E+00 2.3725810000E+01 0.0000000000E+00 1.4235484000E+02 7.1177420000E+01 0.0000000000E+00 0.0000000000E+00 0.0000000000E+00 0.0000000000E+00 0.0000000000E+00 0.0000000000E+00 0.0000000000E+00 0.0000000000E+00 0.0000000000E+00 0.0000000000E+00 0.0000000000E+00 0.0000000000E+00
     1 2016 6.0451612903E+05 0.0000000000E+00 3.6774190000E+01 0.0000000000E+00 2.2064516000E+02 1.1032258000E+02 0.0000000000E+00 0.0000000000E+00 0.0000000000E+00 0.0000000000E+00 0.0000000000E+00 0.0000000000E+00 0.0000000000E+00 0.0000000000E+00 0.0000000000E+00 0.0000000000E+00 0.0000000000E+00 0.0000000000E+00
     2 2016 6.7379310345E+05 0.0000000000E+00 2.5107140000E+01 0.0000000000E+00 1.5064286000E+02 7.5321430000E+01 0.0000000000E+00 0.0000000000E+00 0.0000000000E+00 0.0000000000E+00 0.0000000000E+00 0.0000000000E+00 0.0000000000E+00 0.0000000000E+00 0.0000000000E+00 0.0000000000E+00 0.0000000000E+00 0.0000000000E+00
     3 2016 5.7161290323E+05 0.0000000000E+00 5.1677420000E+01 0.0000000000E+00 3.1006452000E+02 1.5503226000E+02 0.0000000000E+00 0.0000000000E+00 0.0000000000E+00 0.0000000000E+00 0.0000000000E+00 0.0000000000E+00 0.0000000000E+00 0.0000000000E+00 0.0000000000E+00 0.0000000000E+00 0.0000000000E+00 0.0000000000E+00
     4 2016 7.9400000000E+05 0.0000000000E+00 4.3833330000E+01 0.0000000000E+00 2.6300000000E+02 1.3150000000E+02 0.0000000000E+00 0.0000000000E+00 0.0000000000E+00 0.0000000000E+00 0.0000000000E+00 0.0000000000E+00 0.0000000000E+00 0.0000000000E+00 0.0000000000E+00 0.0000000000E+00 0.0000000000E+00 0.0000000000E+00
     5 2016 1.2835483871E+06 0.0000000000E+00 4.2677420000E+01 0.0000000000E+00 2.5606452000E+02 1.2803226000E+02 0.0000000000E+00 0.0000000000E+00 0.0000000000E+00 0.0000000000E+00 0.0000000000E+00 0.0000000000E+00 0.0000000000E+00 0.0000000000E+00 0.0000000000E+00 0.0000000000E+00 0.0000000000E+00 0.0000000000E+00
     6 2016 1.7640000000E+06 0.0000000000E+00 6.3383330000E+01 0.0000000000E+00 3.8030000000E+02 1.9015000000E+02 0.0000000000E+00 0.0000000000E+00 0.0000000000E+00 0.0000000000E+00 0.0000000000E+00 0.0000000000E+00 0.0000000000E+00 0.0000000000E+00 0.0000000000E+00 0.0000000000E+00 0.0000000000E+00 0.0000000000E+00
     7 2016 1.6229032258E+06 0.0000000000E+00 7.3064520000E+01 0.0000000000E+00 4.3838710000E+02 2.1919355000E+02 0.0000000000E+00 0.0000000000E+00 0.0000000000E+00 0.0000000000E+00 0.0000000000E+00 0.0000000000E+00 0.0000000000E+00 0.0000000000E+00 0.0000000000E+00 0.0000000000E+00 0.0000000000E+00 0.0000000000E+00
     8 2016 1.8080645161E+06 0.0000000000E+00 8.6209680000E+01 0.0000000000E+00 5.1725806000E+02 2.5862903000E+02 0.0000000000E+00 0.0000000000E+00 0.0000000000E+00 0.0000000000E+00 0.0000000000E+00 0.0000000000E+00 0.0000000000E+00 0.0000000000E+00 0.0000000000E+00 0.0000000000E+00 0.0000000000E+00 0.0000000000E+00
     9 2016 1.9686666667E+06 0.0000000000E+00 6.4316670000E+01 0.0000000000E+00 3.8590000000E+02 1.9295000000E+02 0.0000000000E+00 0.0000000000E+00 0.0000000000E+00 0.0000000000E+00 0.0000000000E+00 0.0000000000E+00 0.0000000000E+00 0.0000000000E+00 0.0000000000E+00 0.0000000000E+00 0.0000000000E+00 0.0000000000E+00
    10 2016 9.3548387097E+05 0.0000000000E+00 3.9838710000E+01 0.0000000000E+00 2.3903226000E+02 1.1951613000E+02 0.0000000000E+00 0.0000000000E+00 0.0000000000E+00 0.0000000000E+00 0.0000000000E+00 0.0000000000E+00 0.0000000000E+00 0.0000000000E+00 0.0000000000E+00 0.0000000000E+00 0.0000000000E+00 0.0000000000E+00
    11 2016 6.8300000000E+05 0.0000000000E+00 2.2133330000E+01 0.0000000000E+00 1.3280000000E+02 6.6400000000E+01 0.0000000000E+00 0.0000000000E+00 0.0000000000E+00 0.0000000000E+00 0.0000000000E+00 0.0000000000E+00 0.0000000000E+00 0.0000000000E+00 0.0000000000E+00 0.0000000000E+00 0.0000000000E+00 0.0000000000E+00
    12 2016 4.1483870968E+05 0.0000000000E+00 2.1887100000E+01 0.0000000000E+00 1.3132258000E+02 6.5661290000E+01 0.0000000000E+00 0.0000000000E+00 0.0000000000E+00 0.0000000000E+00 0.0000000000E+00 0.0000000000E+00 0.0000000000E+00 0.0000000000E+00 0.0000000000E+00 0.0000000000E+00 0.0000000000E+00 0.0000000000E+00
     1 2017 6.0451612903E+05 0.0000000000E+00 7.6935500000E+00 0.0000000000E+00 4.6161290000E+01 2.3080650000E+01 0.0000000000E+00 0.0000000000E+00 0.0000000000E+00 0.0000000000E+00 0.0000000000E+00 0.0000000000E+00 0.0000000000E+00 0.0000000000E+00 0.0000000000E+00 0.0000000000E+00 0.0000000000E+00 0.0000000000E+00
     2 2017 6.9785714286E+05 0.0000000000E+00 6.5892900000E+00 0.0000000000E+00 3.9535710000E+01 1.9767860000E+01 0.0000000000E+00 0.0000000000E+00 0.0000000000E+00 0.0000000000E+00 0.0000000000E+00 0.0000000000E+00 0.0000000000E+00 0.0000000000E+00 0.0000000000E+00 0.0000000000E+00 0.0000000000E+00 0.0000000000E+00
     3 2017 5.7161290323E+05 0.0000000000E+00 2.2935480000E+01 0.0000000000E+00 1.3761290000E+02 6.8806450000E+01 0.0000000000E+00 0.0000000000E+00 0.0000000000E+00 0.0000000000E+00 0.0000000000E+00 0.0000000000E+00 0.0000000000E+00 0.0000000000E+00 0.0000000000E+00 0.0000000000E+00 0.0000000000E+00 0.0000000000E+00
     4 2017 7.9400000000E+05 0.0000000000E+00 6.3550000000E+01 0.0000000000E+00 3.8130000000E+02 1.9065000000E+02 0.0000000000E+00 0.0000000000E+00 0.0000000000E+00 0.0000000000E+00 0.0000000000E+00 0.0000000000E+00 0.0000000000E+00 0.0000000000E+00 0.0000000000E+00 0.0000000000E+00 0.0000000000E+00 0.0000000000E+00
     5 2017 1.2835483871E+06 0.0000000000E+00 7.6129030000E+01 0.0000000000E+00 4.5677419000E+02 2.2838710000E+02 0.0000000000E+00 0.0000000000E+00 0.0000000000E+00 0.0000000000E+00 0.0000000000E+00 0.0000000000E+00 0.0000000000E+00 0.0000000000E+00 0.0000000000E+00 0.0000000000E+00 0.0000000000E+00 0.0000000000E+00
     6 2017 1.7640000000E+06 0.0000000000E+00 6.4616670000E+01 0.0000000000E+00 3.8770000000E+02 1.9385000000E+02 0.0000000000E+00 0.0000000000E+00 0.0000000000E+00 0.0000000000E+00 0.0000000000E+00 0.0000000000E+00 0.0000000000E+00 0.0000000000E+00 0.0000000000E+00 0.0000000000E+00 0.0000000000E+00 0.0000000000E+00
     7 2017 1.6229032258E+06 0.0000000000E+00 4.2403230000E+01 0.0000000000E+00 2.5441935000E+02 1.2720968000E+02 0.0000000000E+00 0.0000000000E+00 0.0000000000E+00 0.0000000000E+00 0.0000000000E+00 0.0000000000E+00 0.0000000000E+00 0.0000000000E+00 0.0000000000E+00 0.0000000000E+00 0.0000000000E+00 0.0000000000E+00
     8 2017 1.8080645161E+06 0.0000000000E+00 8.8193550000E+01 0.0000000000E+00 5.2916129000E+02 2.6458065000E+02 0.0000000000E+00 0.0000000000E+00 0.0000000000E+00 0.0000000000E+00 0.0000000000E+00 0.0000000000E+00 0.0000000000E+00 0.0000000000E+00 0.0000000000E+00 0.0000000000E+00 0.0000000000E+00 0.0000000000E+00
     9 2017 1.9686666667E+06 0.0000000000E+00 7.0083330000E+01 0.0000000000E+00 4.2050000000E+02 2.1025000000E+02 0.0000000000E+00 0.0000000000E+00 0.0000000000E+00 0.0000000000E+00 0.0000000000E+00 0.0000000000E+00 0.0000000000E+00 0.0000000000E+00 0.0000000000E+00 0.0000000000E+00 0.0000000000E+00 0.0000000000E+00
    10 2017 9.3548387097E+05 0.0000000000E+00 3.8806450000E+01 0.0000000000E+00 2.3283871000E+02 1.1641935000E+02 0.0000000000E+00 0.0000000000E+00 0.0000000000E+00 0.0000000000E+00 0.0000000000E+00 0.0000000000E+00 0.0000000000E+00 0.0000000000E+00 0.0000000000E+00 0.0000000000E+00 0.0000000000E+00 0.0000000000E+00
    11 2017 6.8300000000E+05 0.0000000000E+00 2.8783330000E+01 0.0000000000E+00 1.7270000000E+02 8.6350000000E+01 0.0000000000E+00 0.0000000000E+00 0.0000000000E+00 0.0000000000E+00 0.0000000000E+00 0.0000000000E+00 0.0000000000E+00 0.0000000000E+00 0.0000000000E+00 0.0000000000E+00 0.0000000000E+00 0.0000000000E+00
    12 2017 4.1483870968E+05 0.0000000000E+00 2.6419350000E+01 0.0000000000E+00 1.5851613000E+02 7.9258060000E+01 0.0000000000E+00 0.0000000000E+00 0.0000000000E+00 0.0000000000E+00 0.0000000000E+00 0.0000000000E+00 0.0000000000E+00 0.0000000000E+00 0.0000000000E+00 0.0000000000E+00 0.0000000000E+00 0.0000000000E+00
     1 2018 6.0451612903E+05 0.0000000000E+00 1.4241940000E+01 0.0000000000E+00 8.5451610000E+01 4.2725810000E+01 0.0000000000E+00 0.0000000000E+00 0.0000000000E+00 0.0000000000E+00 0.0000000000E+00 0.0000000000E+00 0.0000000000E+00 0.0000000000E+00 0.0000000000E+00 0.0000000000E+00 0.0000000000E+00 0.0000000000E+00
     2 2018 6.9785714286E+05 0.0000000000E+00 2.5714290000E+01 0.0000000000E+00 1.5428571000E+02 7.7142860000E+01 0.0000000000E+00 0.0000000000E+00 0.0000000000E+00 0.0000000000E+00 0.0000000000E+00 0.0000000000E+00 0.0000000000E+00 0.0000000000E+00 0.0000000000E+00 0.0000000000E+00 0.0000000000E+00 0.0000000000E+00
     3 2018 5.7161290323E+05 0.0000000000E+00 5.2403230000E+01 0.0000000000E+00 3.1441935000E+02 1.5720968000E+02 0.0000000000E+00 0.0000000000E+00 0.0000000000E+00 0.0000000000E+00 0.0000000000E+00 0.0000000000E+00 0.0000000000E+00 0.0000000000E+00 0.0000000000E+00 0.0000000000E+00 0.0000000000E+00 0.0000000000E+00
     4 2018 7.9400000000E+05 0.0000000000E+00 2.7466670000E+01 0.0000000000E+00 1.6480000000E+02 8.2400000000E+01 0.0000000000E+00 0.0000000000E+00 0.0000000000E+00 0.0000000000E+00 0.0000000000E+00 0.0000000000E+00 0.0000000000E+00 0.0000000000E+00 0.0000000000E+00 0.0000000000E+00 0.0000000000E+00 0.0000000000E+00
     5 2018 1.2835483871E+06 0.0000000000E+00 8.0500000000E+01 0.0000000000E+00 4.8300000000E+02 2.4150000000E+02 0.0000000000E+00 0.0000000000E+00 0.0000000000E+00 0.0000000000E+00 0.0000000000E+00 0.0000000000E+00 0.0000000000E+00 0.0000000000E+00 0.0000000000E+00 0.0000000000E+00 0.0000000000E+00 0.0000000000E+00
     6 2018 1.7640000000E+06 0.0000000000E+00 8.4483330000E+01 0.0000000000E+00 5.0690000000E+02 2.5345000000E+02 0.0000000000E+00 0.0000000000E+00 0.0000000000E+00 0.0000000000E+00 0.0000000000E+00 0.0000000000E+00 0.0000000000E+00 0.0000000000E+00 0.0000000000E+00 0.0000000000E+00 0.0000000000E+00 0.0000000000E+00
     7 2018 1.6229032258E+06 0.0000000000E+00 5.2661290000E+01 0.0000000000E+00 3.1596774000E+02 1.5798387000E+02 0.0000000000E+00 0.0000000000E+00 0.0000000000E+00 0.0000000000E+00 0.0000000000E+00 0.0000000000E+00 0.0000000000E+00 0.0000000000E+00 0.0000000000E+00 0.0000000000E+00 0.0000000000E+00 0.0000000000E+00
     8 2018 1.8080645161E+06 0.0000000000E+00 5.1532260000E+01 0.0000000000E+00 3.0919355000E+02 1.5459677000E+02 0.0000000000E+00 0.0000000000E+00 0.0000000000E+00 0.0000000000E+00 0.0000000000E+00 0.0000000000E+00 0.0000000000E+00 0.0000000000E+00 0.0000000000E+00 0.0000000000E+00 0.0000000000E+00 0.0000000000E+00
     9 2018 1.9686666667E+06 0.0000000000E+00 4.9950000000E+01 0.0000000000E+00 2.9970000000E+02 1.4985000000E+02 0.0000000000E+00 0.0000000000E+00 0.0000000000E+00 0.0000000000E+00 0.0000000000E+00 0.0000000000E+00 0.0000000000E+00 0.0000000000E+00 0.0000000000E+00 0.0000000000E+00 0.0000000000E+00 0.0000000000E+00
    10 2018 9.3548387097E+05 0.0000000000E+00 6.2822580000E+01 0.0000000000E+00 3.7693548000E+02 1.8846774000E+02 0.0000000000E+00 0.0000000000E+00 0.0000000000E+00 0.0000000000E+00 0.0000000000E+00 0.0000000000E+00 0.0000000000E+00 0.0000000000E+00 0.0000000000E+00 0.0000000000E+00 0.0000000000E+00 0.0000000000E+00
    11 2018 6.8300000000E+05 0.0000000000E+00 5.7283330000E+01 0.0000000000E+00 3.4370000000E+02 1.7185000000E+02 0.0000000000E+00 0.0000000000E+00 0.0000000000E+00 0.0000000000E+00 0.0000000000E+00 0.0000000000E+00 0.0000000000E+00 0.0000000000E+00 0.0000000000E+00 0.0000000000E+00 0.0000000000E+00 0.0000000000E+00
    12 2018 4.1483870968E+05 0.0000000000E+00 2.6403230000E+01 0.0000000000E+00 1.5841935000E+02 7.9209680000E+01 0.0000000000E+00 0.0000000000E+00 0.0000000000E+00 0.0000000000E+00 0.0000000000E+00 0.0000000000E+00 0.0000000000E+00 0.0000000000E+00 0.0000000000E+00 0.0000000000E+00 0.0000000000E+00 0.0000000000E+00
